1.944254E+15 	 8.334047E-56 
1.921991E+15 	 8.828039E-56 
1.899983E+15 	 9.351313E-56 
1.878227E+15 	 9.905603E-56 
1.856720E+15 	 1.049275E-55 
1.835459E+15 	 1.111470E-55 
1.814442E+15 	 1.177351E-55 
1.793665E+15 	 1.247137E-55 
1.773126E+15 	 1.321060E-55 
1.752823E+15 	 1.399365E-55 
1.732752E+15 	 1.482311E-55 
1.712910E+15 	 1.570173E-55 
1.693296E+15 	 1.663244E-55 
1.673907E+15 	 1.761831E-55 
1.654740E+15 	 1.866262E-55 
1.635792E+15 	 1.976883E-55 
1.617061E+15 	 2.094061E-55 
1.598544E+15 	 2.218184E-55 
1.580240E+15 	 2.349665E-55 
1.562145E+15 	 2.488939E-55 
1.544257E+15 	 2.636469E-55 
1.526574E+15 	 2.792743E-55 
1.509094E+15 	 2.958280E-55 
1.491814E+15 	 3.133630E-55 
1.474732E+15 	 3.319372E-55 
1.457845E+15 	 3.516125E-55 
1.441152E+15 	 3.724540E-55 
1.424649E+15 	 3.945309E-55 
1.408336E+15 	 4.179163E-55 
1.392210E+15 	 4.426879E-55 
1.376268E+15 	 4.689278E-55 
1.360509E+15 	 4.967231E-55 
1.344930E+15 	 5.261659E-55 
1.329530E+15 	 5.573539E-55 
1.314305E+15 	 5.903905E-55 
1.299256E+15 	 6.253853E-55 
1.284378E+15 	 6.624545E-55 
1.269671E+15 	 7.017208E-55 
1.255133E+15 	 7.433147E-55 
1.240761E+15 	 7.873739E-55 
1.226553E+15 	 8.340448E-55 
1.212508E+15 	 8.834820E-55 
1.198624E+15 	 9.358496E-55 
1.184899E+15 	 9.913212E-55 
1.171331E+15 	 1.050081E-54 
1.157918E+15 	 1.112323E-54 
1.144659E+15 	 1.178255E-54 
1.131552E+15 	 1.248095E-54 
1.118595E+15 	 1.322075E-54 
1.105787E+15 	 1.400440E-54 
1.093125E+15 	 1.483449E-54 
1.080608E+15 	 1.571379E-54 
1.068234E+15 	 1.664521E-54 
1.056002E+15 	 1.763184E-54 
1.043910E+15 	 1.867696E-54 
1.031956E+15 	 1.978401E-54 
1.020140E+15 	 2.095669E-54 
1.008458E+15 	 2.219888E-54 
9.969108E+14 	 2.351470E-54 
9.854955E+14 	 2.490851E-54 
9.742109E+14 	 2.638494E-54 
9.630555E+14 	 2.794888E-54 
9.520278E+14 	 2.960552E-54 
9.411264E+14 	 3.136036E-54 
9.303499E+14 	 3.321922E-54 
9.196967E+14 	 3.518826E-54 
9.091655E+14 	 3.727401E-54 
8.987550E+14 	 3.948339E-54 
8.884636E+14 	 4.182373E-54 
8.782901E+14 	 4.430279E-54 
8.682330E+14 	 4.692880E-54 
8.582911E+14 	 4.971046E-54 
8.484631E+14 	 5.265700E-54 
8.387476E+14 	 5.577820E-54 
8.291434E+14 	 5.908440E-54 
8.196491E+14 	 6.258657E-54 
8.102635E+14 	 6.629633E-54 
8.009855E+14 	 7.022598E-54 
7.918136E+14 	 7.438856E-54 
7.827468E+14 	 7.879787E-54 
7.737838E+14 	 8.346854E-54 
7.649234E+14 	 8.841606E-54 
7.561645E+14 	 9.365684E-54 
7.475059E+14 	 9.920826E-54 
7.389464E+14 	 1.050887E-53 
7.304850E+14 	 1.113178E-53 
7.221204E+14 	 1.179160E-53 
7.138516E+14 	 1.249054E-53 
7.056775E+14 	 1.323090E-53 
6.975970E+14 	 1.401515E-53 
6.896091E+14 	 1.484589E-53 
6.817126E+14 	 1.572586E-53 
6.739065E+14 	 1.665800E-53 
6.661898E+14 	 1.764539E-53 
6.585614E+14 	 1.869130E-53 
6.510204E+14 	 1.979921E-53 
6.435658E+14 	 2.097279E-53 
6.361965E+14 	 2.221593E-53 
6.289116E+14 	 2.353276E-53 
6.217101E+14 	 2.492764E-53 
6.145911E+14 	 2.640520E-53 
6.075536E+14 	 2.797035E-53 
6.005967E+14 	 2.962826E-53 
5.937195E+14 	 3.138445E-53 
5.869210E+14 	 3.324474E-53 
5.802003E+14 	 3.521529E-53 
5.735566E+14 	 3.730264E-53 
5.669890E+14 	 3.951372E-53 
5.604966E+14 	 4.185586E-53 
5.540785E+14 	 4.433682E-53 
5.477339E+14 	 4.696485E-53 
5.414620E+14 	 4.974864E-53 
5.352618E+14 	 5.269745E-53 
5.291327E+14 	 5.582104E-53 
5.230738E+14 	 5.912978E-53 
5.170842E+14 	 6.263464E-53 
5.111632E+14 	 6.634725E-53 
5.053101E+14 	 7.027992E-53 
4.995239E+14 	 7.444570E-53 
4.938040E+14 	 7.885839E-53 
4.881496E+14 	 8.353265E-53 
4.825599E+14 	 8.848397E-53 
4.770343E+14 	 9.372877E-53 
4.715719E+14 	 9.928446E-53 
4.661721E+14 	 1.051695E-52 
4.608341E+14 	 1.114033E-52 
4.555572E+14 	 1.180066E-52 
4.503408E+14 	 1.250013E-52 
4.451841E+14 	 1.324107E-52 
4.400864E+14 	 1.402592E-52 
4.350471E+14 	 1.485729E-52 
4.300655E+14 	 1.573794E-52 
4.251409E+14 	 1.667079E-52 
4.202728E+14 	 1.765894E-52 
4.154604E+14 	 1.870566E-52 
4.107031E+14 	 1.981442E-52 
4.060002E+14 	 2.098890E-52 
4.013512E+14 	 2.223300E-52 
3.967555E+14 	 2.355084E-52 
3.922123E+14 	 2.494679E-52 
3.877212E+14 	 2.642549E-52 
3.832816E+14 	 2.799183E-52 
3.788927E+14 	 2.965102E-52 
3.745541E+14 	 3.140856E-52 
3.702652E+14 	 3.327027E-52 
3.660254E+14 	 3.524233E-52 
3.618342E+14 	 3.733129E-52 
3.576909E+14 	 3.954407E-52 
3.535951E+14 	 4.188800E-52 
3.495462E+14 	 4.437088E-52 
3.455437E+14 	 4.700092E-52 
3.415869E+14 	 4.978685E-52 
3.376755E+14 	 5.273792E-52 
3.338089E+14 	 5.586391E-52 
3.299866E+14 	 5.917519E-52 
3.262080E+14 	 6.268275E-52 
3.224727E+14 	 6.639821E-52 
3.187801E+14 	 7.033390E-52 
3.151299E+14 	 7.450288E-52 
3.115214E+14 	 7.891896E-52 
3.079543E+14 	 8.359681E-52 
3.044280E+14 	 8.855193E-52 
3.009421E+14 	 9.380077E-52 
2.974961E+14 	 9.936072E-52 
2.940895E+14 	 1.052502E-51 
2.907220E+14 	 1.114888E-51 
2.873930E+14 	 1.180972E-51 
2.841022E+14 	 1.250973E-51 
2.808490E+14 	 1.325124E-51 
2.776331E+14 	 1.403669E-51 
2.744540E+14 	 1.486870E-51 
2.713113E+14 	 1.575003E-51 
2.682046E+14 	 1.668360E-51 
2.651335E+14 	 1.767250E-51 
2.620975E+14 	 1.872002E-51 
2.590963E+14 	 1.982964E-51 
2.561295E+14 	 2.100502E-51 
2.531966E+14 	 2.225007E-51 
2.502973E+14 	 2.356892E-51 
2.474313E+14 	 2.496595E-51 
2.445980E+14 	 2.644578E-51 
2.417972E+14 	 2.801333E-51 
2.390284E+14 	 2.967380E-51 
2.362914E+14 	 3.143268E-51 
2.335857E+14 	 3.329582E-51 
2.309110E+14 	 3.526940E-51 
2.282669E+14 	 3.735996E-51 
2.256531E+14 	 3.957444E-51 
2.230692E+14 	 4.192018E-51 
2.205149E+14 	 4.440496E-51 
2.179898E+14 	 4.703702E-51 
2.154937E+14 	 4.982509E-51 
2.130261E+14 	 5.277843E-51 
2.105868E+14 	 5.590682E-51 
2.081755E+14 	 5.922065E-51 
2.057917E+14 	 6.273089E-51 
2.034353E+14 	 6.644921E-51 
2.011058E+14 	 7.038792E-51 
1.988030E+14 	 7.456010E-51 
1.965265E+14 	 7.897958E-51 
1.942762E+14 	 8.366102E-51 
1.920516E+14 	 8.861995E-51 
1.898525E+14 	 9.387281E-51 
1.876785E+14 	 9.943703E-51 
1.855295E+14 	 1.053311E-50 
1.834050E+14 	 1.115745E-50 
1.813049E+14 	 1.181879E-50 
1.792288E+14 	 1.251934E-50 
1.771765E+14 	 1.326141E-50 
1.751477E+14 	 1.404747E-50 
1.731422E+14 	 1.488012E-50 
1.711596E+14 	 1.576213E-50 
1.691997E+14 	 1.669641E-50 
1.672622E+14 	 1.768608E-50 
1.653470E+14 	 1.873440E-50 
1.634536E+14 	 1.984487E-50 
1.615820E+14 	 2.102115E-50 
1.597317E+14 	 2.226716E-50 
1.579027E+14 	 2.358703E-50 
1.560946E+14 	 2.498513E-50 
1.543072E+14 	 2.646610E-50 
1.525403E+14 	 2.803485E-50 
1.507936E+14 	 2.969659E-50 
1.490669E+14 	 3.145682E-50 
1.473600E+14 	 3.332140E-50 
1.456726E+14 	 3.529649E-50 
1.440046E+14 	 3.738866E-50 
1.423556E+14 	 3.960484E-50 
1.407255E+14 	 4.195238E-50 
1.391141E+14 	 4.443906E-50 
1.375212E+14 	 4.707315E-50 
1.359465E+14 	 4.986336E-50 
1.343898E+14 	 5.281897E-50 
1.328509E+14 	 5.594976E-50 
1.313297E+14 	 5.926613E-50 
1.298259E+14 	 6.277908E-50 
1.283393E+14 	 6.650025E-50 
1.268697E+14 	 7.044199E-50 
1.254169E+14 	 7.461737E-50 
1.239808E+14 	 7.904024E-50 
1.225612E+14 	 8.372528E-50 
1.211578E+14 	 8.868801E-50 
1.197704E+14 	 9.394491E-50 
1.183990E+14 	 9.951341E-50 
1.170432E+14 	 1.054120E-49 
1.157030E+14 	 1.116602E-49 
1.143781E+14 	 1.182787E-49 
1.130684E+14 	 1.252896E-49 
1.117737E+14 	 1.327160E-49 
1.104938E+14 	 1.405826E-49 
1.092286E+14 	 1.489155E-49 
1.079778E+14 	 1.577423E-49 
1.067414E+14 	 1.670924E-49 
1.055191E+14 	 1.769966E-49 
1.043109E+14 	 1.874879E-49 
1.031164E+14 	 1.986011E-49 
1.019357E+14 	 2.103730E-49 
1.007684E+14 	 2.228426E-49 
9.961457E+13 	 2.360514E-49 
9.847391E+13 	 2.500432E-49 
9.734632E+13 	 2.648642E-49 
9.623163E+13 	 2.805638E-49 
9.512971E+13 	 2.971940E-49 
9.404041E+13 	 3.148099E-49 
9.296358E+13 	 3.334699E-49 
9.189909E+13 	 3.532360E-49 
9.084678E+13 	 3.741738E-49 
8.980652E+13 	 3.963526E-49 
8.877817E+13 	 4.198460E-49 
8.776160E+13 	 4.447320E-49 
8.675667E+13 	 4.710930E-49 
8.576324E+13 	 4.990166E-49 
8.478119E+13 	 5.285954E-49 
8.381039E+13 	 5.599274E-49 
8.285070E+13 	 5.931165E-49 
8.190200E+13 	 6.282729E-49 
8.096417E+13 	 6.655132E-49 
8.003707E+13 	 7.049609E-49 
7.912059E+13 	 7.467468E-49 
7.821460E+13 	 7.910095E-49 
7.731899E+13 	 8.378958E-49 
7.643364E+13 	 8.875613E-49 
7.555842E+13 	 9.401707E-49 
7.469322E+13 	 9.958984E-49 
7.383793E+13 	 1.054929E-48 
7.299243E+13 	 1.117459E-48 
7.215662E+13 	 1.183696E-48 
7.133038E+13 	 1.253858E-48 
7.051359E+13 	 1.328179E-48 
6.970616E+13 	 1.406906E-48 
6.890798E+13 	 1.490299E-48 
6.811893E+13 	 1.578635E-48 
6.733892E+13 	 1.672207E-48 
6.656785E+13 	 1.771326E-48 
6.580560E+13 	 1.876319E-48 
6.505208E+13 	 1.987536E-48 
6.430719E+13 	 2.105346E-48 
6.357082E+13 	 2.230138E-48 
6.284289E+13 	 2.362327E-48 
6.212330E+13 	 2.502352E-48 
6.141194E+13 	 2.650677E-48 
6.070873E+13 	 2.807793E-48 
6.001358E+13 	 2.974222E-48 
5.932638E+13 	 3.150517E-48 
5.864705E+13 	 3.337260E-48 
5.797550E+13 	 3.535073E-48 
5.731164E+13 	 3.744612E-48 
5.665538E+13 	 3.966570E-48 
5.600664E+13 	 4.201685E-48 
5.536532E+13 	 4.450735E-48 
5.473135E+13 	 4.714549E-48 
5.410464E+13 	 4.993999E-48 
5.348510E+13 	 5.290014E-48 
5.287266E+13 	 5.603574E-48 
5.226723E+13 	 5.935721E-48 
5.166874E+13 	 6.287555E-48 
5.107709E+13 	 6.660244E-48 
5.049222E+13 	 7.055024E-48 
4.991405E+13 	 7.473203E-48 
4.934250E+13 	 7.916171E-48 
4.877750E+13 	 8.385394E-48 
4.821896E+13 	 8.882430E-48 
4.766682E+13 	 9.408928E-48 
4.712100E+13 	 9.966633E-48 
4.658143E+13 	 1.055740E-47 
4.604804E+13 	 1.118318E-47 
4.552076E+13 	 1.184605E-47 
4.499951E+13 	 1.254821E-47 
4.448424E+13 	 1.329199E-47 
4.397486E+13 	 1.407987E-47 
4.347132E+13 	 1.491444E-47 
4.297354E+13 	 1.579848E-47 
4.248147E+13 	 1.673491E-47 
4.199502E+13 	 1.772686E-47 
4.151415E+13 	 1.877760E-47 
4.103878E+13 	 1.989063E-47 
4.056886E+13 	 2.106963E-47 
4.010432E+13 	 2.231851E-47 
3.964510E+13 	 2.364142E-47 
3.919113E+13 	 2.504274E-47 
3.874237E+13 	 2.652713E-47 
3.829874E+13 	 2.809950E-47 
3.786019E+13 	 2.976507E-47 
3.742667E+13 	 3.152936E-47 
3.699811E+13 	 3.339824E-47 
3.657445E+13 	 3.537789E-47 
3.615565E+13 	 3.747488E-47 
3.574164E+13 	 3.969616E-47 
3.533237E+13 	 4.204912E-47 
3.492779E+13 	 4.454154E-47 
3.452785E+13 	 4.718170E-47 
3.413248E+13 	 4.997835E-47 
3.374164E+13 	 5.294077E-47 
3.335527E+13 	 5.607878E-47 
3.297333E+13 	 5.940280E-47 
3.259576E+13 	 6.292384E-47 
3.222252E+13 	 6.665359E-47 
3.185355E+13 	 7.060442E-47 
3.148880E+13 	 7.478943E-47 
3.112823E+13 	 7.922251E-47 
3.077179E+13 	 8.391834E-47 
3.041943E+13 	 8.889253E-47 
3.007111E+13 	 9.416155E-47 
2.972678E+13 	 9.974288E-47 
2.938638E+13 	 1.056550E-46 
2.904989E+13 	 1.119177E-46 
2.871725E+13 	 1.185515E-46 
2.838841E+13 	 1.255785E-46 
2.806335E+13 	 1.330220E-46 
2.774200E+13 	 1.409068E-46 
2.742434E+13 	 1.492589E-46 
2.711031E+13 	 1.581061E-46 
2.679988E+13 	 1.674777E-46 
2.649300E+13 	 1.774048E-46 
2.618964E+13 	 1.879203E-46 
2.588975E+13 	 1.990591E-46 
2.559329E+13 	 2.108581E-46 
2.530023E+13 	 2.233565E-46 
2.501052E+13 	 2.365958E-46 
2.472414E+13 	 2.506197E-46 
2.444103E+13 	 2.654750E-46 
2.416116E+13 	 2.812108E-46 
2.388450E+13 	 2.978793E-46 
2.361100E+13 	 3.155358E-46 
2.334064E+13 	 3.342389E-46 
2.307338E+13 	 3.540506E-46 
2.280917E+13 	 3.750366E-46 
2.254799E+13 	 3.972665E-46 
2.228980E+13 	 4.208141E-46 
2.203456E+13 	 4.457575E-46 
2.178225E+13 	 4.721793E-46 
2.153283E+13 	 5.001673E-46 
2.128626E+13 	 5.298143E-46 
2.104252E+13 	 5.612185E-46 
2.080157E+13 	 5.944842E-46 
2.056338E+13 	 6.297217E-46 
2.032791E+13 	 6.670479E-46 
2.009514E+13 	 7.065865E-46 
1.986504E+13 	 7.484687E-46 
1.963757E+13 	 7.928335E-46 
1.941271E+13 	 8.398280E-46 
1.919042E+13 	 8.896080E-46 
1.897067E+13 	 9.423386E-46 
1.875345E+13 	 9.981949E-46 
1.853871E+13 	 1.057362E-45 
1.832643E+13 	 1.120036E-45 
1.811658E+13 	 1.186425E-45 
1.790913E+13 	 1.256749E-45 
1.770406E+13 	 1.331242E-45 
1.750133E+13 	 1.410150E-45 
1.730093E+13 	 1.493735E-45 
1.710282E+13 	 1.582275E-45 
1.690698E+13 	 1.676063E-45 
1.671339E+13 	 1.775410E-45 
1.652201E+13 	 1.880646E-45 
1.633282E+13 	 1.992119E-45 
1.614580E+13 	 2.110200E-45 
1.596091E+13 	 2.235281E-45 
1.577815E+13 	 2.367775E-45 
1.559748E+13 	 2.508122E-45 
1.541888E+13 	 2.656789E-45 
1.524232E+13 	 2.814267E-45 
1.506779E+13 	 2.981081E-45 
1.489525E+13 	 3.157781E-45 
1.472469E+13 	 3.344956E-45 
1.455608E+13 	 3.543225E-45 
1.438940E+13 	 3.753246E-45 
1.422463E+13 	 3.975716E-45 
1.406175E+13 	 4.211373E-45 
1.390074E+13 	 4.460998E-45 
1.374156E+13 	 4.725420E-45 
1.358421E+13 	 5.005515E-45 
1.342866E+13 	 5.302212E-45 
1.327490E+13 	 5.616495E-45 
1.312289E+13 	 5.949408E-45 
1.297262E+13 	 6.302053E-45 
1.282408E+13 	 6.675601E-45 
1.267723E+13 	 7.071291E-45 
1.253207E+13 	 7.490436E-45 
1.238857E+13 	 7.934424E-45 
1.224671E+13 	 8.404730E-45 
1.210648E+13 	 8.902912E-45 
1.196785E+13 	 9.430624E-45 
1.183081E+13 	 9.989615E-45 
1.169534E+13 	 1.058174E-44 
1.156142E+13 	 1.120896E-44 
1.142903E+13 	 1.187336E-44 
1.129816E+13 	 1.257715E-44 
1.116879E+13 	 1.332264E-44 
1.104090E+13 	 1.411233E-44 
1.091447E+13 	 1.494883E-44 
1.078949E+13 	 1.583490E-44 
1.066595E+13 	 1.677350E-44 
1.054381E+13 	 1.776774E-44 
1.042308E+13 	 1.882090E-44 
1.030373E+13 	 1.993649E-44 
1.018574E+13 	 2.111821E-44 
1.006911E+13 	 2.236997E-44 
9.953812E+12 	 2.369593E-44 
9.839834E+12 	 2.510048E-44 
9.727161E+12 	 2.658829E-44 
9.615778E+12 	 2.816429E-44 
9.505670E+12 	 2.983370E-44 
9.396824E+12 	 3.160206E-44 
9.289224E+12 	 3.347525E-44 
9.182855E+12 	 3.545946E-44 
9.077705E+12 	 3.756129E-44 
8.973759E+12 	 3.978770E-44 
8.871003E+12 	 4.214607E-44 
8.769424E+12 	 4.464424E-44 
8.669008E+12 	 4.729049E-44 
8.569742E+12 	 5.009359E-44 
8.471612E+12 	 5.306284E-44 
8.374607E+12 	 5.620809E-44 
8.278711E+12 	 5.953977E-44 
8.183914E+12 	 6.306893E-44 
8.090203E+12 	 6.680728E-44 
7.997564E+12 	 7.076722E-44 
7.905987E+12 	 7.496188E-44 
7.815458E+12 	 7.940517E-44 
7.725965E+12 	 8.411184E-44 
7.637497E+12 	 8.909749E-44 
7.550043E+12 	 9.437866E-44 
7.463589E+12 	 9.997286E-44 
7.378126E+12 	 1.058987E-43 
7.293641E+12 	 1.121757E-43 
7.210124E+12 	 1.188248E-43 
7.127563E+12 	 1.258680E-43 
7.045947E+12 	 1.333287E-43 
6.965266E+12 	 1.412317E-43 
6.885509E+12 	 1.496031E-43 
6.806665E+12 	 1.584706E-43 
6.728724E+12 	 1.678638E-43 
6.651676E+12 	 1.778138E-43 
6.575509E+12 	 1.883535E-43 
6.500215E+12 	 1.995180E-43 
6.425783E+12 	 2.113443E-43 
6.352203E+12 	 2.238715E-43 
6.279466E+12 	 2.371413E-43 
6.207562E+12 	 2.511976E-43 
6.136481E+12 	 2.660871E-43 
6.066214E+12 	 2.818592E-43 
5.996752E+12 	 2.985661E-43 
5.928085E+12 	 3.162633E-43 
5.860204E+12 	 3.350095E-43 
5.793100E+12 	 3.548669E-43 
5.726765E+12 	 3.759013E-43 
5.661190E+12 	 3.981825E-43 
5.596365E+12 	 4.217844E-43 
5.532283E+12 	 4.467852E-43 
5.468935E+12 	 4.732680E-43 
5.406311E+12 	 5.013205E-43 
5.344405E+12 	 5.310358E-43 
5.283208E+12 	 5.625125E-43 
5.222712E+12 	 5.958549E-43 
5.162908E+12 	 6.311736E-43 
5.103789E+12 	 6.685858E-43 
5.045347E+12 	 7.082156E-43 
4.987574E+12 	 7.501944E-43 
4.930463E+12 	 7.946615E-43 
4.874006E+12 	 8.417643E-43 
4.818195E+12 	 8.916590E-43 
4.763023E+12 	 9.445113E-43 
4.708483E+12 	 1.000496E-42 
4.654568E+12 	 1.059800E-42 
4.601270E+12 	 1.122618E-42 
4.548582E+12 	 1.189161E-42 
4.496498E+12 	 1.259647E-42 
4.445010E+12 	 1.334311E-42 
4.394111E+12 	 1.413401E-42 
4.343796E+12 	 1.497179E-42 
4.294056E+12 	 1.585923E-42 
4.244886E+12 	 1.679927E-42 
4.196279E+12 	 1.779503E-42 
4.148229E+12 	 1.884982E-42 
4.100729E+12 	 1.996712E-42 
4.053773E+12 	 2.115065E-42 
4.007354E+12 	 2.240434E-42 
3.961467E+12 	 2.373234E-42 
3.916105E+12 	 2.513905E-42 
3.871263E+12 	 2.662914E-42 
3.826935E+12 	 2.820756E-42 
3.783114E+12 	 2.987953E-42 
3.739794E+12 	 3.165061E-42 
3.696971E+12 	 3.352667E-42 
3.654638E+12 	 3.551394E-42 
3.612790E+12 	 3.761899E-42 
3.571421E+12 	 3.984882E-42 
3.530526E+12 	 4.221082E-42 
3.490099E+12 	 4.471283E-42 
3.450135E+12 	 4.736314E-42 
3.410628E+12 	 5.017054E-42 
3.371574E+12 	 5.314435E-42 
3.332967E+12 	 5.629443E-42 
3.294802E+12 	 5.963123E-42 
3.257075E+12 	 6.316582E-42 
3.219779E+12 	 6.690991E-42 
3.182910E+12 	 7.087593E-42 
3.146463E+12 	 7.507704E-42 
3.110434E+12 	 7.952716E-42 
3.074818E+12 	 8.424105E-42 
3.039609E+12 	 8.923436E-42 
3.004803E+12 	 9.452364E-42 
2.970396E+12 	 1.001264E-41 
2.936383E+12 	 1.060613E-41 
2.902759E+12 	 1.123480E-41 
2.869521E+12 	 1.190073E-41 
2.836663E+12 	 1.260614E-41 
2.804181E+12 	 1.335336E-41 
2.772071E+12 	 1.414486E-41 
2.740329E+12 	 1.498329E-41 
2.708950E+12 	 1.587141E-41 
2.677931E+12 	 1.681217E-41 
2.647267E+12 	 1.780869E-41 
2.616954E+12 	 1.886429E-41 
2.586988E+12 	 1.998245E-41 
2.557365E+12 	 2.116689E-41 
2.528081E+12 	 2.242154E-41 
2.499133E+12 	 2.375055E-41 
2.470516E+12 	 2.515835E-41 
2.442227E+12 	 2.664958E-41 
2.414262E+12 	 2.822921E-41 
2.386617E+12 	 2.990247E-41 
2.359288E+12 	 3.167491E-41 
2.332273E+12 	 3.355241E-41 
2.305567E+12 	 3.554120E-41 
2.279166E+12 	 3.764787E-41 
2.253068E+12 	 3.987941E-41 
2.227269E+12 	 4.224322E-41 
2.201765E+12 	 4.474715E-41 
2.176553E+12 	 4.739949E-41 
2.151630E+12 	 5.020905E-41 
2.126993E+12 	 5.318515E-41 
2.102637E+12 	 5.633765E-41 
2.078561E+12 	 5.967701E-41 
2.054760E+12 	 6.321430E-41 
2.031231E+12 	 6.696127E-41 
2.007972E+12 	 7.093033E-41 
1.984979E+12 	 7.513466E-41 
1.962250E+12 	 7.958820E-41 
1.939781E+12 	 8.430571E-41 
1.917569E+12 	 8.930285E-41 
1.895612E+12 	 9.459619E-41 
1.873905E+12 	 1.002033E-40 
1.852448E+12 	 1.061427E-40 
1.831236E+12 	 1.124343E-40 
1.810267E+12 	 1.190987E-40 
1.789538E+12 	 1.261581E-40 
1.769047E+12 	 1.336360E-40 
1.748790E+12 	 1.415572E-40 
1.728765E+12 	 1.499479E-40 
1.708970E+12 	 1.588359E-40 
1.689401E+12 	 1.682507E-40 
1.670056E+12 	 1.782236E-40 
1.650933E+12 	 1.887877E-40 
1.632028E+12 	 1.999779E-40 
1.613340E+12 	 2.118314E-40 
1.594866E+12 	 2.243875E-40 
1.576604E+12 	 2.376878E-40 
1.558551E+12 	 2.517765E-40 
1.540704E+12 	 2.667003E-40 
1.523062E+12 	 2.825087E-40 
1.505622E+12 	 2.992542E-40 
1.488382E+12 	 3.169922E-40 
1.471339E+12 	 3.357816E-40 
1.454491E+12 	 3.556847E-40 
1.437836E+12 	 3.767676E-40 
1.421372E+12 	 3.991001E-40 
1.405096E+12 	 4.227564E-40 
1.389007E+12 	 4.478149E-40 
1.373102E+12 	 4.743586E-40 
1.357379E+12 	 5.024758E-40 
1.341836E+12 	 5.322596E-40 
1.326471E+12 	 5.638087E-40 
1.311282E+12 	 5.972279E-40 
1.296267E+12 	 6.326281E-40 
1.281423E+12 	 6.701265E-40 
1.266750E+12 	 7.098476E-40 
1.252245E+12 	 7.519231E-40 
1.237906E+12 	 7.964926E-40 
1.223731E+12 	 8.437039E-40 
1.209718E+12 	 8.937137E-40 
1.195866E+12 	 9.466877E-40 
1.182173E+12 	 1.002802E-39 
1.168636E+12 	 1.062242E-39 
1.155254E+12 	 1.125205E-39 
1.142026E+12 	 1.191901E-39 
1.128949E+12 	 1.262549E-39 
1.116022E+12 	 1.337386E-39 
1.103242E+12 	 1.416658E-39 
1.090610E+12 	 1.500629E-39 
1.078121E+12 	 1.589577E-39 
1.065776E+12 	 1.683798E-39 
1.053572E+12 	 1.783603E-39 
1.041508E+12 	 1.889325E-39 
1.029582E+12 	 2.001313E-39 
1.017793E+12 	 2.119938E-39 
1.006138E+12 	 2.245596E-39 
9.946172E+11 	 2.378701E-39 
9.832282E+11 	 2.519696E-39 
9.719695E+11 	 2.669049E-39 
9.608398E+11 	 2.827254E-39 
9.498375E+11 	 2.994837E-39 
9.389612E+11 	 3.172353E-39 
9.282094E+11 	 3.360391E-39 
9.175808E+11 	 3.559575E-39 
9.070738E+11 	 3.770565E-39 
8.966872E+11 	 3.994062E-39 
8.864195E+11 	 4.230806E-39 
8.762694E+11 	 4.481583E-39 
8.662355E+11 	 4.747224E-39 
8.563165E+11 	 5.028611E-39 
8.465111E+11 	 5.326677E-39 
8.368179E+11 	 5.642411E-39 
8.272358E+11 	 5.976859E-39 
8.177633E+11 	 6.331131E-39 
8.083994E+11 	 6.706403E-39 
7.991426E+11 	 7.103919E-39 
7.899919E+11 	 7.524996E-39 
7.809459E+11 	 7.971033E-39 
7.720035E+11 	 8.443508E-39 
7.631636E+11 	 8.943989E-39 
7.544248E+11 	 9.474135E-39 
7.457861E+11 	 1.003570E-38 
7.372463E+11 	 1.063056E-38 
7.288044E+11 	 1.126068E-38 
7.204590E+11 	 1.192814E-38 
7.122093E+11 	 1.263517E-38 
7.040540E+11 	 1.338411E-38 
6.959921E+11 	 1.417744E-38 
6.880225E+11 	 1.501779E-38 
6.801441E+11 	 1.590796E-38 
6.723560E+11 	 1.685089E-38 
6.646571E+11 	 1.784970E-38 
6.570463E+11 	 1.890773E-38 
6.495226E+11 	 2.002847E-38 
6.420851E+11 	 2.121563E-38 
6.347328E+11 	 2.247317E-38 
6.274647E+11 	 2.380524E-38 
6.202798E+11 	 2.521627E-38 
6.131771E+11 	 2.671094E-38 
6.061558E+11 	 2.829421E-38 
5.992149E+11 	 2.997132E-38 
5.923535E+11 	 3.174784E-38 
5.855706E+11 	 3.362966E-38 
5.788654E+11 	 3.562302E-38 
5.722370E+11 	 3.773454E-38 
5.656845E+11 	 3.997122E-38 
5.592070E+11 	 4.234048E-38 
5.528037E+11 	 4.485016E-38 
5.464737E+11 	 4.750861E-38 
5.402162E+11 	 5.032464E-38 
5.340304E+11 	 5.330758E-38 
5.279153E+11 	 5.646733E-38 
5.218703E+11 	 5.981438E-38 
5.158946E+11 	 6.335981E-38 
5.099872E+11 	 6.711540E-38 
5.041475E+11 	 7.109360E-38 
4.983746E+11 	 7.530760E-38 
4.926679E+11 	 7.977138E-38 
4.870265E+11 	 8.449975E-38 
4.814497E+11 	 8.950839E-38 
4.759368E+11 	 9.481391E-38 
4.704870E+11 	 1.004339E-37 
4.650996E+11 	 1.063870E-37 
4.597739E+11 	 1.126930E-37 
4.545091E+11 	 1.193728E-37 
4.493047E+11 	 1.264485E-37 
4.441598E+11 	 1.339436E-37 
4.390739E+11 	 1.418829E-37 
4.340462E+11 	 1.502929E-37 
4.290760E+11 	 1.592014E-37 
4.241628E+11 	 1.686379E-37 
4.193059E+11 	 1.786337E-37 
4.145045E+11 	 1.892220E-37 
4.097581E+11 	 2.004380E-37 
4.050661E+11 	 2.123187E-37 
4.004278E+11 	 2.249037E-37 
3.958427E+11 	 2.382346E-37 
3.913100E+11 	 2.523557E-37 
3.868292E+11 	 2.673139E-37 
3.823997E+11 	 2.831586E-37 
3.780210E+11 	 2.999426E-37 
3.736924E+11 	 3.177213E-37 
3.694134E+11 	 3.365540E-37 
3.651833E+11 	 3.565028E-37 
3.610017E+11 	 3.776342E-37 
3.568680E+11 	 4.000180E-37 
3.527816E+11 	 4.237287E-37 
3.487420E+11 	 4.488448E-37 
3.447487E+11 	 4.754496E-37 
3.408010E+11 	 5.036314E-37 
3.368986E+11 	 5.334836E-37 
3.330409E+11 	 5.651053E-37 
3.292274E+11 	 5.986013E-37 
3.254575E+11 	 6.340828E-37 
3.217308E+11 	 6.716673E-37 
3.180467E+11 	 7.114797E-37 
3.144049E+11 	 7.536519E-37 
3.108047E+11 	 7.983239E-37 
3.072458E+11 	 8.456437E-37 
3.037276E+11 	 8.957683E-37 
3.002497E+11 	 9.488640E-37 
2.968116E+11 	 1.005107E-36 
2.934129E+11 	 1.064684E-36 
2.900531E+11 	 1.127792E-36 
2.867318E+11 	 1.194640E-36 
2.834486E+11 	 1.265451E-36 
2.802029E+11 	 1.340460E-36 
2.769944E+11 	 1.419914E-36 
2.738226E+11 	 1.504078E-36 
2.706871E+11 	 1.593230E-36 
2.675876E+11 	 1.687667E-36 
2.645235E+11 	 1.787702E-36 
2.614945E+11 	 1.893666E-36 
2.585002E+11 	 2.005911E-36 
2.555402E+11 	 2.124809E-36 
2.526141E+11 	 2.250755E-36 
2.497215E+11 	 2.384166E-36 
2.468620E+11 	 2.525485E-36 
2.440353E+11 	 2.675180E-36 
2.412409E+11 	 2.833749E-36 
2.384785E+11 	 3.001716E-36 
2.357478E+11 	 3.179640E-36 
2.330483E+11 	 3.368109E-36 
2.303797E+11 	 3.567750E-36 
2.277417E+11 	 3.779225E-36 
2.251339E+11 	 4.003234E-36 
2.225560E+11 	 4.240522E-36 
2.200075E+11 	 4.491874E-36 
2.174883E+11 	 4.758125E-36 
2.149979E+11 	 5.040157E-36 
2.125360E+11 	 5.338907E-36 
2.101023E+11 	 5.655365E-36 
2.076965E+11 	 5.990580E-36 
2.053183E+11 	 6.345665E-36 
2.029672E+11 	 6.721798E-36 
2.006431E+11 	 7.120225E-36 
1.983456E+11 	 7.542268E-36 
1.960744E+11 	 7.989328E-36 
1.938292E+11 	 8.462886E-36 
1.916097E+11 	 8.964514E-36 
1.894157E+11 	 9.495876E-36 
1.872467E+11 	 1.005873E-35 
1.851026E+11 	 1.065495E-35 
1.829831E+11 	 1.128651E-35 
1.808878E+11 	 1.195551E-35 
1.788165E+11 	 1.266416E-35 
1.767689E+11 	 1.341481E-35 
1.747448E+11 	 1.420996E-35 
1.727438E+11 	 1.505224E-35 
1.707658E+11 	 1.594444E-35 
1.688104E+11 	 1.688953E-35 
1.668774E+11 	 1.789064E-35 
1.649665E+11 	 1.895109E-35 
1.630776E+11 	 2.007439E-35 
1.612102E+11 	 2.126427E-35 
1.593642E+11 	 2.252469E-35 
1.575394E+11 	 2.385981E-35 
1.557355E+11 	 2.527408E-35 
1.539522E+11 	 2.677217E-35 
1.521893E+11 	 2.835906E-35 
1.504467E+11 	 3.004001E-35 
1.487239E+11 	 3.182059E-35 
1.470209E+11 	 3.370672E-35 
1.453375E+11 	 3.570465E-35 
1.436732E+11 	 3.782100E-35 
1.420281E+11 	 4.006279E-35 
1.404018E+11 	 4.243747E-35 
1.387941E+11 	 4.495290E-35 
1.372048E+11 	 4.761743E-35 
1.356337E+11 	 5.043990E-35 
1.340806E+11 	 5.342966E-35 
1.325453E+11 	 5.659664E-35 
1.310275E+11 	 5.995134E-35 
1.295272E+11 	 6.350488E-35 
1.280440E+11 	 6.726905E-35 
1.265778E+11 	 7.125634E-35 
1.251284E+11 	 7.547998E-35 
1.236956E+11 	 7.995396E-35 
1.222792E+11 	 8.469313E-35 
1.208790E+11 	 8.971322E-35 
1.194949E+11 	 9.503086E-35 
1.181266E+11 	 1.006637E-34 
1.167739E+11 	 1.066304E-34 
1.154368E+11 	 1.129508E-34 
1.141149E+11 	 1.196458E-34 
1.128083E+11 	 1.267377E-34 
1.115165E+11 	 1.342499E-34 
1.102396E+11 	 1.422074E-34 
1.089773E+11 	 1.506365E-34 
1.077294E+11 	 1.595653E-34 
1.064958E+11 	 1.690234E-34 
1.052764E+11 	 1.790420E-34 
1.040709E+11 	 1.896545E-34 
1.028792E+11 	 2.008960E-34 
1.017012E+11 	 2.128039E-34 
1.005366E+11 	 2.254176E-34 
9.938539E+10 	 2.387789E-34 
9.824735E+10 	 2.529322E-34 
9.712235E+10 	 2.679244E-34 
9.601023E+10 	 2.838053E-34 
9.491085E+10 	 3.006275E-34 
9.382405E+10 	 3.184468E-34 
9.274970E+10 	 3.373223E-34 
9.168765E+10 	 3.573166E-34 
9.063777E+10 	 3.784961E-34 
8.959990E+10 	 4.009310E-34 
8.857392E+10 	 4.246956E-34 
8.755968E+10 	 4.498689E-34 
8.655707E+10 	 4.765342E-34 
8.556593E+10 	 5.047802E-34 
8.458614E+10 	 5.347003E-34 
8.361757E+10 	 5.663940E-34 
8.266009E+10 	 5.999662E-34 
8.171357E+10 	 6.355284E-34 
8.077789E+10 	 6.731985E-34 
7.985293E+10 	 7.131014E-34 
7.893856E+10 	 7.553695E-34 
7.803466E+10 	 8.001429E-34 
7.714110E+10 	 8.475703E-34 
7.625778E+10 	 8.978089E-34 
7.538458E+10 	 9.510252E-34 
7.452137E+10 	 1.007396E-33 
7.366805E+10 	 1.067108E-33 
7.282450E+10 	 1.130359E-33 
7.199061E+10 	 1.197360E-33 
7.116627E+10 	 1.268331E-33 
7.035136E+10 	 1.343510E-33 
6.954579E+10 	 1.423145E-33 
6.874944E+10 	 1.507499E-33 
6.796221E+10 	 1.596854E-33 
6.718400E+10 	 1.691505E-33 
6.641469E+10 	 1.791767E-33 
6.565420E+10 	 1.897971E-33 
6.490241E+10 	 2.010471E-33 
6.415923E+10 	 2.129638E-33 
6.342457E+10 	 2.255870E-33 
6.269831E+10 	 2.389583E-33 
6.198037E+10 	 2.531222E-33 
6.127065E+10 	 2.681256E-33 
6.056906E+10 	 2.840184E-33 
5.987550E+10 	 3.008531E-33 
5.918989E+10 	 3.186857E-33 
5.851212E+10 	 3.375753E-33 
5.784212E+10 	 3.575846E-33 
5.717978E+10 	 3.787799E-33 
5.652503E+10 	 4.012314E-33 
5.587778E+10 	 4.250138E-33 
5.523794E+10 	 4.502058E-33 
5.460543E+10 	 4.768911E-33 
5.398016E+10 	 5.051581E-33 
5.336205E+10 	 5.351005E-33 
5.275102E+10 	 5.668177E-33 
5.214698E+10 	 6.004149E-33 
5.154986E+10 	 6.360036E-33 
5.095958E+10 	 6.737016E-33 
5.037606E+10 	 7.136342E-33 
4.979921E+10 	 7.559337E-33 
4.922898E+10 	 8.007404E-33 
4.866527E+10 	 8.482030E-33 
4.810802E+10 	 8.984788E-33 
4.755715E+10 	 9.517347E-33 
4.701259E+10 	 1.008147E-32 
4.647426E+10 	 1.067903E-32 
4.594210E+10 	 1.131202E-32 
4.541603E+10 	 1.198252E-32 
4.489598E+10 	 1.269276E-32 
4.438189E+10 	 1.344510E-32 
4.387369E+10 	 1.424204E-32 
4.337130E+10 	 1.508621E-32 
4.287467E+10 	 1.598042E-32 
4.238373E+10 	 1.692763E-32 
4.189840E+10 	 1.793098E-32 
4.141864E+10 	 1.899381E-32 
4.094437E+10 	 2.011963E-32 
4.047552E+10 	 2.131219E-32 
4.001205E+10 	 2.257543E-32 
3.955389E+10 	 2.391355E-32 
3.910097E+10 	 2.533098E-32 
3.865323E+10 	 2.683243E-32 
3.821063E+10 	 2.842287E-32 
3.777309E+10 	 3.010758E-32 
3.734056E+10 	 3.189215E-32 
3.691298E+10 	 3.378250E-32 
3.649030E+10 	 3.578489E-32 
3.607246E+10 	 3.790598E-32 
3.565941E+10 	 4.015278E-32 
3.525108E+10 	 4.253276E-32 
3.484743E+10 	 4.505381E-32 
3.444841E+10 	 4.772428E-32 
3.405395E+10 	 5.055305E-32 
3.366401E+10 	 5.354948E-32 
3.327853E+10 	 5.672352E-32 
3.289747E+10 	 6.008569E-32 
3.252077E+10 	 6.364715E-32 
3.214838E+10 	 6.741971E-32 
3.178026E+10 	 7.141587E-32 
3.141636E+10 	 7.564890E-32 
3.105662E+10 	 8.013284E-32 
3.070100E+10 	 8.488254E-32 
3.034945E+10 	 8.991378E-32 
3.000193E+10 	 9.524323E-32 
2.965838E+10 	 1.008886E-31 
2.931877E+10 	 1.068685E-31 
2.898305E+10 	 1.132029E-31 
2.865118E+10 	 1.199128E-31 
2.832310E+10 	 1.270204E-31 
2.799878E+10 	 1.345492E-31 
2.767818E+10 	 1.425243E-31 
2.736124E+10 	 1.509721E-31 
2.704794E+10 	 1.599207E-31 
2.673822E+10 	 1.693996E-31 
2.643205E+10 	 1.794404E-31 
2.612938E+10 	 1.900763E-31 
2.583018E+10 	 2.013427E-31 
2.553441E+10 	 2.132768E-31 
2.524202E+10 	 2.259183E-31 
2.495298E+10 	 2.393091E-31 
2.466725E+10 	 2.534936E-31 
2.438480E+10 	 2.685188E-31 
2.410557E+10 	 2.844346E-31 
2.382955E+10 	 3.012938E-31 
2.355668E+10 	 3.191522E-31 
2.328694E+10 	 3.380692E-31 
2.302029E+10 	 3.581074E-31 
2.275669E+10 	 3.793334E-31 
2.249611E+10 	 4.018174E-31 
2.223852E+10 	 4.256342E-31 
2.198387E+10 	 4.508626E-31 
2.173214E+10 	 4.775863E-31 
2.148329E+10 	 5.058940E-31 
2.123729E+10 	 5.358796E-31 
2.099411E+10 	 5.676424E-31 
2.075371E+10 	 6.012880E-31 
2.051607E+10 	 6.369277E-31 
2.028114E+10 	 6.746799E-31 
2.004891E+10 	 7.146698E-31 
1.981934E+10 	 7.570299E-31 
1.959239E+10 	 8.019008E-31 
1.936804E+10 	 8.494313E-31 
1.914627E+10 	 8.997790E-31 
1.892703E+10 	 9.531109E-31 
1.871030E+10 	 1.009604E-30 
1.849606E+10 	 1.069445E-30 
1.828426E+10 	 1.132834E-30 
1.807489E+10 	 1.199979E-30 
1.786792E+10 	 1.271105E-30 
1.766332E+10 	 1.346446E-30 
1.746107E+10 	 1.426252E-30 
1.726113E+10 	 1.510789E-30 
1.706347E+10 	 1.600337E-30 
1.686808E+10 	 1.695192E-30 
1.667493E+10 	 1.795669E-30 
1.648399E+10 	 1.902102E-30 
1.629524E+10 	 2.014843E-30 
1.610865E+10 	 2.134267E-30 
1.592419E+10 	 2.260769E-30 
1.574185E+10 	 2.394769E-30 
1.556159E+10 	 2.536711E-30 
1.538340E+10 	 2.687067E-30 
1.520725E+10 	 2.846334E-30 
1.503312E+10 	 3.015041E-30 
1.486098E+10 	 3.193748E-30 
1.469081E+10 	 3.383047E-30 
1.452259E+10 	 3.583566E-30 
1.435630E+10 	 3.795970E-30 
1.419191E+10 	 4.020963E-30 
1.402940E+10 	 4.259292E-30 
1.386875E+10 	 4.511747E-30 
1.370995E+10 	 4.779165E-30 
1.355296E+10 	 5.062433E-30 
1.339777E+10 	 5.362491E-30 
1.324435E+10 	 5.680334E-30 
1.309270E+10 	 6.017015E-30 
1.294278E+10 	 6.373652E-30 
1.279457E+10 	 6.751427E-30 
1.264807E+10 	 7.151593E-30 
1.250324E+10 	 7.575477E-30 
1.236007E+10 	 8.024485E-30 
1.221853E+10 	 8.500106E-30 
1.207862E+10 	 9.003918E-30 
1.194031E+10 	 9.537591E-30 
1.180359E+10 	 1.010289E-29 
1.166843E+10 	 1.070170E-29 
1.153482E+10 	 1.133601E-29 
1.140274E+10 	 1.200790E-29 
1.127217E+10 	 1.271962E-29 
1.114309E+10 	 1.347353E-29 
1.101550E+10 	 1.427212E-29 
1.088936E+10 	 1.511804E-29 
1.076467E+10 	 1.601409E-29 
1.064141E+10 	 1.696326E-29 
1.051956E+10 	 1.796869E-29 
1.039910E+10 	 1.903371E-29 
1.028002E+10 	 2.016185E-29 
1.016231E+10 	 2.135685E-29 
1.004594E+10 	 2.262269E-29 
9.930911E+09 	 2.396355E-29 
9.817195E+09 	 2.538388E-29 
9.704781E+09 	 2.688840E-29 
9.593655E+09 	 2.848208E-29 
9.483801E+09 	 3.017023E-29 
9.375204E+09 	 3.195843E-29 
9.267852E+09 	 3.385262E-29 
9.161728E+09 	 3.585907E-29 
9.056820E+09 	 3.798445E-29 
8.953113E+09 	 4.023579E-29 
8.850594E+09 	 4.262057E-29 
8.749248E+09 	 4.514670E-29 
8.649063E+09 	 4.782255E-29 
8.550026E+09 	 5.065699E-29 
8.452122E+09 	 5.365943E-29 
8.355339E+09 	 5.683982E-29 
8.259665E+09 	 6.020871E-29 
8.165086E+09 	 6.377727E-29 
8.071590E+09 	 6.755733E-29 
7.979164E+09 	 7.156144E-29 
7.887797E+09 	 7.580286E-29 
7.797476E+09 	 8.029567E-29 
7.708190E+09 	 8.505476E-29 
7.619926E+09 	 9.009591E-29 
7.532672E+09 	 9.543585E-29 
7.446418E+09 	 1.010923E-28 
7.361151E+09 	 1.070840E-28 
7.276861E+09 	 1.134307E-28 
7.193536E+09 	 1.201537E-28 
7.111165E+09 	 1.272751E-28 
7.029737E+09 	 1.348186E-28 
6.949241E+09 	 1.428092E-28 
6.869668E+09 	 1.512733E-28 
6.791005E+09 	 1.602392E-28 
6.713243E+09 	 1.697364E-28 
6.636372E+09 	 1.797964E-28 
6.560381E+09 	 1.904528E-28 
6.485260E+09 	 2.017407E-28 
6.410999E+09 	 2.136976E-28 
6.337589E+09 	 2.263631E-28 
6.265019E+09 	 2.397793E-28 
6.193280E+09 	 2.539907E-28 
6.122363E+09 	 2.690443E-28 
6.052257E+09 	 2.849901E-28 
5.982955E+09 	 3.018810E-28 
5.914446E+09 	 3.197729E-28 
5.846721E+09 	 3.387253E-28 
5.779772E+09 	 3.588009E-28 
5.713590E+09 	 3.800663E-28 
5.648165E+09 	 4.025921E-28 
5.583490E+09 	 4.264528E-28 
5.519555E+09 	 4.517278E-28 
5.456352E+09 	 4.785006E-28 
5.393873E+09 	 5.068603E-28 
5.332109E+09 	 5.369006E-28 
5.271053E+09 	 5.687214E-28 
5.210696E+09 	 6.024281E-28 
5.151030E+09 	 6.381324E-28 
5.092047E+09 	 6.759528E-28 
5.033739E+09 	 7.160146E-28 
4.976099E+09 	 7.584507E-28 
4.919120E+09 	 8.034018E-28 
4.862792E+09 	 8.510170E-28 
4.807110E+09 	 9.014541E-28 
4.752065E+09 	 9.548804E-28 
4.697651E+09 	 1.011473E-27 
4.643859E+09 	 1.071420E-27 
4.590684E+09 	 1.134919E-27 
4.538117E+09 	 1.202182E-27 
4.486153E+09 	 1.273431E-27 
4.434783E+09 	 1.348902E-27 
4.384002E+09 	 1.428846E-27 
4.333802E+09 	 1.513528E-27 
4.284177E+09 	 1.603229E-27 
4.235120E+09 	 1.698246E-27 
4.186625E+09 	 1.798894E-27 
4.138685E+09 	 1.905507E-27 
4.091294E+09 	 2.018438E-27 
4.044446E+09 	 2.138062E-27 
3.998134E+09 	 2.264775E-27 
3.952353E+09 	 2.398997E-27 
3.907096E+09 	 2.541174E-27 
3.862357E+09 	 2.691777E-27 
3.818130E+09 	 2.851306E-27 
3.774410E+09 	 3.020288E-27 
3.731190E+09 	 3.199285E-27 
3.688465E+09 	 3.388890E-27 
3.646230E+09 	 3.589731E-27 
3.604478E+09 	 3.802474E-27 
3.563204E+09 	 4.027826E-27 
3.522403E+09 	 4.266532E-27 
3.482069E+09 	 4.519384E-27 
3.442197E+09 	 4.787221E-27 
3.402781E+09 	 5.070930E-27 
3.363817E+09 	 5.371453E-27 
3.325299E+09 	 5.689785E-27 
3.287222E+09 	 6.026982E-27 
3.249581E+09 	 6.384162E-27 
3.212371E+09 	 6.762508E-27 
3.175587E+09 	 7.163276E-27 
3.139224E+09 	 7.587794E-27 
3.103278E+09 	 8.037469E-27 
3.067743E+09 	 8.513792E-27 
3.032616E+09 	 9.018342E-27 
2.997890E+09 	 9.552792E-27 
2.963562E+09 	 1.011891E-26 
2.929627E+09 	 1.071858E-26 
2.896081E+09 	 1.135379E-26 
2.862919E+09 	 1.202664E-26 
2.830136E+09 	 1.273936E-26 
2.797729E+09 	 1.349432E-26 
2.765693E+09 	 1.429401E-26 
2.734024E+09 	 1.514109E-26 
2.702718E+09 	 1.603837E-26 
2.671770E+09 	 1.698883E-26 
2.641176E+09 	 1.799560E-26 
2.610933E+09 	 1.906204E-26 
2.581036E+09 	 2.019167E-26 
2.551481E+09 	 2.138823E-26 
2.522265E+09 	 2.265571E-26 
2.493383E+09 	 2.399829E-26 
2.464832E+09 	 2.542043E-26 
2.436608E+09 	 2.692684E-26 
2.408707E+09 	 2.852252E-26 
2.381126E+09 	 3.021275E-26 
2.353860E+09 	 3.200314E-26 
2.326907E+09 	 3.389963E-26 
2.300262E+09 	 3.590849E-26 
2.273923E+09 	 3.803638E-26 
2.247885E+09 	 4.029037E-26 
2.222145E+09 	 4.267792E-26 
2.196700E+09 	 4.520694E-26 
2.171546E+09 	 4.788582E-26 
2.146680E+09 	 5.072344E-26 
2.122099E+09 	 5.372920E-26 
2.097800E+09 	 5.691306E-26 
2.073778E+09 	 6.028559E-26 
2.050032E+09 	 6.385794E-26 
2.026558E+09 	 6.764198E-26 
2.003352E+09 	 7.165023E-26 
1.980413E+09 	 7.589598E-26 
1.957735E+09 	 8.039330E-26 
1.935318E+09 	 8.515711E-26 
1.913157E+09 	 9.020318E-26 
1.891250E+09 	 9.554825E-26 
1.869594E+09 	 1.012100E-25 
1.848186E+09 	 1.072073E-25 
1.827023E+09 	 1.135598E-25 
1.806102E+09 	 1.202888E-25 
1.785421E+09 	 1.274165E-25 
1.764977E+09 	 1.349665E-25 
1.744767E+09 	 1.429639E-25 
1.724788E+09 	 1.514351E-25 
1.705038E+09 	 1.604082E-25 
1.685514E+09 	 1.699129E-25 
1.666214E+09 	 1.799808E-25 
1.647134E+09 	 1.906453E-25 
1.628273E+09 	 2.019415E-25 
1.609629E+09 	 2.139071E-25 
1.591197E+09 	 2.265816E-25 
1.572977E+09 	 2.400071E-25 
1.554965E+09 	 2.542279E-25 
1.537160E+09 	 2.692914E-25 
1.519558E+09 	 2.852472E-25 
1.502158E+09 	 3.021485E-25 
1.484957E+09 	 3.200510E-25 
1.467954E+09 	 3.390142E-25 
1.451144E+09 	 3.591009E-25 
1.434528E+09 	 3.803777E-25 
1.418102E+09 	 4.029149E-25 
1.401863E+09 	 4.267874E-25 
1.385811E+09 	 4.520743E-25 
1.369942E+09 	 4.788592E-25 
1.354256E+09 	 5.072309E-25 
1.338748E+09 	 5.372835E-25 
1.323419E+09 	 5.691165E-25 
1.308265E+09 	 6.028353E-25 
1.293284E+09 	 6.385517E-25 
1.278475E+09 	 6.763841E-25 
1.263836E+09 	 7.164577E-25 
1.249364E+09 	 7.589053E-25 
1.235058E+09 	 8.038675E-25 
1.220916E+09 	 8.514933E-25 
1.206935E+09 	 9.019404E-25 
1.193115E+09 	 9.553761E-25 
1.179453E+09 	 1.011977E-24 
1.165947E+09 	 1.071931E-24 
1.152597E+09 	 1.135437E-24 
1.139399E+09 	 1.202705E-24 
1.126352E+09 	 1.273957E-24 
1.113454E+09 	 1.349430E-24 
1.100704E+09 	 1.429374E-24 
1.088100E+09 	 1.514054E-24 
1.075641E+09 	 1.603749E-24 
1.063324E+09 	 1.698758E-24 
1.051148E+09 	 1.799395E-24 
1.039112E+09 	 1.905993E-24 
1.027213E+09 	 2.018905E-24 
1.015451E+09 	 2.138505E-24 
1.003823E+09 	 2.265189E-24 
9.923289E+08 	 2.399378E-24 
9.809660E+08 	 2.541514E-24 
9.697333E+08 	 2.692070E-24 
9.586292E+08 	 2.851543E-24 
9.476522E+08 	 3.020462E-24 
9.368009E+08 	 3.199386E-24 
9.260739E+08 	 3.388908E-24 
9.154697E+08 	 3.589655E-24 
9.049869E+08 	 3.802291E-24 
8.946242E+08 	 4.027522E-24 
8.843801E+08 	 4.266093E-24 
8.742533E+08 	 4.518794E-24 
8.642425E+08 	 4.786461E-24 
8.543463E+08 	 5.069981E-24 
8.445635E+08 	 5.370293E-24 
8.348926E+08 	 5.688391E-24 
8.253325E+08 	 6.025327E-24 
8.158819E+08 	 6.382219E-24 
8.065395E+08 	 6.760247E-24 
7.973040E+08 	 7.160662E-24 
7.881743E+08 	 7.584791E-24 
7.791492E+08 	 8.034037E-24 
7.702274E+08 	 8.509889E-24 
7.614078E+08 	 9.013920E-24 
7.526891E+08 	 9.547799E-24 
7.440703E+08 	 1.011329E-23 
7.355502E+08 	 1.071228E-23 
7.271276E+08 	 1.134673E-23 
7.188015E+08 	 1.201875E-23 
7.105707E+08 	 1.273057E-23 
7.024342E+08 	 1.348454E-23 
6.943908E+08 	 1.428316E-23 
6.864395E+08 	 1.512906E-23 
6.785793E+08 	 1.602506E-23 
6.708091E+08 	 1.697411E-23 
6.631279E+08 	 1.797935E-23 
6.555346E+08 	 1.904412E-23 
6.480283E+08 	 2.017193E-23 
6.406079E+08 	 2.136652E-23 
6.332725E+08 	 2.263184E-23 
6.260211E+08 	 2.397208E-23 
6.188527E+08 	 2.539167E-23 
6.117664E+08 	 2.689531E-23 
6.047612E+08 	 2.848797E-23 
5.978363E+08 	 3.017493E-23 
5.909907E+08 	 3.196177E-23 
5.842234E+08 	 3.385439E-23 
5.775336E+08 	 3.585907E-23 
5.709205E+08 	 3.798242E-23 
5.643830E+08 	 4.023148E-23 
5.579204E+08 	 4.261368E-23 
5.515319E+08 	 4.513692E-23 
5.452164E+08 	 4.780952E-23 
5.389733E+08 	 5.064034E-23 
5.328017E+08 	 5.363873E-23 
5.267008E+08 	 5.681462E-23 
5.206697E+08 	 6.017850E-23 
5.147076E+08 	 6.374151E-23 
5.088139E+08 	 6.751543E-23 
5.029876E+08 	 7.151273E-23 
4.972280E+08 	 7.574664E-23 
4.915344E+08 	 8.023116E-23 
4.859060E+08 	 8.498112E-23 
4.803420E+08 	 9.001222E-23 
4.748418E+08 	 9.534111E-23 
4.694045E+08 	 1.009854E-22 
4.640295E+08 	 1.069637E-22 
4.587161E+08 	 1.132959E-22 
4.534634E+08 	 1.200028E-22 
4.482710E+08 	 1.271067E-22 
4.431379E+08 	 1.346310E-22 
4.380637E+08 	 1.426006E-22 
4.330476E+08 	 1.510418E-22 
4.280889E+08 	 1.599826E-22 
4.231869E+08 	 1.694524E-22 
4.183412E+08 	 1.794826E-22 
4.135509E+08 	 1.901064E-22 
4.088154E+08 	 2.013588E-22 
4.041342E+08 	 2.132771E-22 
3.995066E+08 	 2.259006E-22 
3.949319E+08 	 2.392710E-22 
3.904097E+08 	 2.534326E-22 
3.859392E+08 	 2.684321E-22 
3.815200E+08 	 2.843190E-22 
3.771513E+08 	 3.011459E-22 
3.728326E+08 	 3.189684E-22 
3.685634E+08 	 3.378453E-22 
3.643431E+08 	 3.578390E-22 
3.601712E+08 	 3.790155E-22 
3.560469E+08 	 4.014448E-22 
3.519700E+08 	 4.252010E-22 
3.479397E+08 	 4.503625E-22 
3.439555E+08 	 4.770125E-22 
3.400170E+08 	 5.052389E-22 
3.361235E+08 	 5.351350E-22 
3.322747E+08 	 5.667995E-22 
3.284699E+08 	 6.003369E-22 
3.247087E+08 	 6.358580E-22 
3.209906E+08 	 6.734801E-22 
3.173150E+08 	 7.133274E-22 
3.136815E+08 	 7.555313E-22 
3.100896E+08 	 8.002314E-22 
3.065389E+08 	 8.475750E-22 
3.030288E+08 	 8.977185E-22 
2.995589E+08 	 9.508274E-22 
2.961288E+08 	 1.007077E-21 
2.927379E+08 	 1.066653E-21 
2.893858E+08 	 1.129752E-21 
2.860722E+08 	 1.196582E-21 
2.827964E+08 	 1.267363E-21 
2.795582E+08 	 1.342330E-21 
2.763571E+08 	 1.421729E-21 
2.731926E+08 	 1.505823E-21 
2.700643E+08 	 1.594889E-21 
2.669719E+08 	 1.689220E-21 
2.639149E+08 	 1.789129E-21 
2.608929E+08 	 1.894943E-21 
2.579055E+08 	 2.007013E-21 
2.549523E+08 	 2.125708E-21 
2.520329E+08 	 2.251420E-21 
2.491469E+08 	 2.384562E-21 
2.462940E+08 	 2.525574E-21 
2.434738E+08 	 2.674921E-21 
2.406859E+08 	 2.833095E-21 
2.379298E+08 	 3.000618E-21 
2.352054E+08 	 3.178041E-21 
2.325121E+08 	 3.365950E-21 
2.298497E+08 	 3.564964E-21 
2.272177E+08 	 3.775739E-21 
2.246159E+08 	 3.998969E-21 
2.220439E+08 	 4.235390E-21 
2.195014E+08 	 4.485781E-21 
2.169879E+08 	 4.750967E-21 
2.145033E+08 	 5.031821E-21 
2.120470E+08 	 5.329269E-21 
2.096190E+08 	 5.644290E-21 
2.072187E+08 	 5.977923E-21 
2.048459E+08 	 6.331264E-21 
2.025003E+08 	 6.705479E-21 
2.001815E+08 	 7.101800E-21 
1.978893E+08 	 7.521531E-21 
1.956233E+08 	 7.966054E-21 
1.933833E+08 	 8.436832E-21 
1.911689E+08 	 8.935416E-21 
1.889799E+08 	 9.463445E-21 
1.868159E+08 	 1.002266E-20 
1.846768E+08 	 1.061490E-20 
1.825621E+08 	 1.124211E-20 
1.804716E+08 	 1.190636E-20 
1.784051E+08 	 1.260983E-20 
1.763622E+08 	 1.335483E-20 
1.743427E+08 	 1.414382E-20 
1.723464E+08 	 1.497940E-20 
1.703729E+08 	 1.586430E-20 
1.684220E+08 	 1.680144E-20 
1.664935E+08 	 1.779391E-20 
1.645870E+08 	 1.884495E-20 
1.627024E+08 	 1.995804E-20 
1.608393E+08 	 2.113682E-20 
1.589976E+08 	 2.238518E-20 
1.571770E+08 	 2.370721E-20 
1.553772E+08 	 2.510726E-20 
1.535980E+08 	 2.658992E-20 
1.518392E+08 	 2.816008E-20 
1.501005E+08 	 2.982288E-20 
1.483818E+08 	 3.158380E-20 
1.466827E+08 	 3.344860E-20 
1.450031E+08 	 3.542343E-20 
1.433427E+08 	 3.751475E-20 
1.417013E+08 	 3.972944E-20 
1.400787E+08 	 4.207476E-20 
1.384747E+08 	 4.455842E-20 
1.368891E+08 	 4.718857E-20 
1.353216E+08 	 4.997384E-20 
1.337721E+08 	 5.292336E-20 
1.322403E+08 	 5.604681E-20 
1.307261E+08 	 5.935444E-20 
1.292292E+08 	 6.285710E-20 
1.277494E+08 	 6.656628E-20 
1.262866E+08 	 7.049413E-20 
1.248405E+08 	 7.465354E-20 
1.234110E+08 	 7.905814E-20 
1.219979E+08 	 8.372236E-20 
1.206009E+08 	 8.866151E-20 
1.192199E+08 	 9.389175E-20 
1.178548E+08 	 9.943024E-20 
1.165053E+08 	 1.052951E-19 
1.151712E+08 	 1.115056E-19 
1.138524E+08 	 1.180820E-19 
1.125487E+08 	 1.250458E-19 
1.112600E+08 	 1.324199E-19 
1.099859E+08 	 1.402285E-19 
1.087265E+08 	 1.484970E-19 
1.074815E+08 	 1.572525E-19 
1.062508E+08 	 1.665238E-19 
1.050342E+08 	 1.763410E-19 
1.038314E+08 	 1.867364E-19 
1.026425E+08 	 1.977438E-19 
1.014672E+08 	 2.093995E-19 
1.003053E+08 	 2.217413E-19 
9.915673E+07 	 2.348098E-19 
9.802132E+07 	 2.486475E-19 
9.689890E+07 	 2.632998E-19 
9.578934E+07 	 2.788144E-19 
9.469249E+07 	 2.952422E-19 
9.360819E+07 	 3.126367E-19 
9.253631E+07 	 3.310547E-19 
9.147671E+07 	 3.505565E-19 
9.042924E+07 	 3.712056E-19 
8.939376E+07 	 3.930695E-19 
8.837014E+07 	 4.162195E-19 
8.735824E+07 	 4.407312E-19 
8.635792E+07 	 4.666845E-19 
8.536906E+07 	 4.941641E-19 
8.439153E+07 	 5.232596E-19 
8.342519E+07 	 5.540659E-19 
8.246991E+07 	 5.866834E-19 
8.152557E+07 	 6.212183E-19 
8.059205E+07 	 6.577834E-19 
7.966921E+07 	 6.964976E-19 
7.875694E+07 	 7.374871E-19 
7.785512E+07 	 7.808854E-19 
7.696363E+07 	 8.268337E-19 
7.608234E+07 	 8.754818E-19 
7.521114E+07 	 9.269878E-19 
7.434992E+07 	 9.815195E-19 
7.349856E+07 	 1.039254E-18 
7.265695E+07 	 1.100380E-18 
7.182498E+07 	 1.165095E-18 
7.100253E+07 	 1.233610E-18 
7.018951E+07 	 1.306148E-18 
6.938579E+07 	 1.382944E-18 
6.859127E+07 	 1.464248E-18 
6.780585E+07 	 1.550324E-18 
6.702943E+07 	 1.641452E-18 
6.626189E+07 	 1.737928E-18 
6.550315E+07 	 1.840064E-18 
6.475309E+07 	 1.948192E-18 
6.401162E+07 	 2.062663E-18 
6.327865E+07 	 2.183848E-18 
6.255406E+07 	 2.312140E-18 
6.183777E+07 	 2.447956E-18 
6.112969E+07 	 2.591735E-18 
6.042971E+07 	 2.743943E-18 
5.973775E+07 	 2.905074E-18 
5.905371E+07 	 3.075648E-18 
5.837750E+07 	 3.256220E-18 
5.770904E+07 	 3.447372E-18 
5.704823E+07 	 3.649725E-18 
5.639499E+07 	 3.863931E-18 
5.574923E+07 	 4.090685E-18 
5.511086E+07 	 4.330719E-18 
5.447980E+07 	 4.584810E-18 
5.385597E+07 	 4.853778E-18 
5.323928E+07 	 5.138492E-18 
5.262965E+07 	 5.439873E-18 
5.202701E+07 	 5.758893E-18 
5.143126E+07 	 6.096582E-18 
5.084234E+07 	 6.454030E-18 
5.026016E+07 	 6.832390E-18 
4.968464E+07 	 7.232882E-18 
4.911572E+07 	 7.656798E-18 
4.855331E+07 	 8.105503E-18 
4.799734E+07 	 8.580444E-18 
4.744774E+07 	 9.083150E-18 
4.690443E+07 	 9.615241E-18 
4.636734E+07 	 1.017843E-17 
4.583640E+07 	 1.077453E-17 
4.531154E+07 	 1.140545E-17 
4.479269E+07 	 1.207323E-17 
4.427978E+07 	 1.278001E-17 
4.377275E+07 	 1.352807E-17 
4.327152E+07 	 1.431980E-17 
4.277603E+07 	 1.515776E-17 
4.228622E+07 	 1.604462E-17 
4.180201E+07 	 1.698324E-17 
4.132335E+07 	 1.797663E-17 
4.085017E+07 	 1.902797E-17 
4.038240E+07 	 2.014064E-17 
3.992000E+07 	 2.131819E-17 
3.946288E+07 	 2.256441E-17 
3.901101E+07 	 2.388328E-17 
3.856430E+07 	 2.527902E-17 
3.812271E+07 	 2.675610E-17 
3.768618E+07 	 2.831925E-17 
3.725465E+07 	 2.997346E-17 
3.682806E+07 	 3.172402E-17 
3.640635E+07 	 3.357652E-17 
3.598947E+07 	 3.553689E-17 
3.557737E+07 	 3.761136E-17 
3.516998E+07 	 3.980658E-17 
3.476726E+07 	 4.212953E-17 
3.436915E+07 	 4.458763E-17 
3.397560E+07 	 4.718870E-17 
3.358656E+07 	 4.994104E-17 
3.320197E+07 	 5.285341E-17 
3.282178E+07 	 5.593508E-17 
3.244595E+07 	 5.919585E-17 
3.207442E+07 	 6.264609E-17 
3.170715E+07 	 6.629677E-17 
3.134408E+07 	 7.015949E-17 
3.098516E+07 	 7.424652E-17 
3.063036E+07 	 7.857082E-17 
3.027962E+07 	 8.314613E-17 
2.993290E+07 	 8.798695E-17 
2.959015E+07 	 9.310862E-17 
2.925132E+07 	 9.852738E-17 
2.891637E+07 	 1.042604E-16 
2.858526E+07 	 1.103258E-16 
2.825794E+07 	 1.167427E-16 
2.793436E+07 	 1.235316E-16 
2.761450E+07 	 1.307138E-16 
2.729829E+07 	 1.383120E-16 
2.698571E+07 	 1.463502E-16 
2.667670E+07 	 1.548538E-16 
2.637123E+07 	 1.638496E-16 
2.606927E+07 	 1.733659E-16 
2.577075E+07 	 1.834328E-16 
2.547566E+07 	 1.940820E-16 
2.518395E+07 	 2.053469E-16 
2.489557E+07 	 2.172631E-16 
2.461050E+07 	 2.298679E-16 
2.432869E+07 	 2.432010E-16 
2.405011E+07 	 2.573043E-16 
2.377472E+07 	 2.722220E-16 
2.350249E+07 	 2.880009E-16 
2.323337E+07 	 3.046906E-16 
2.296733E+07 	 3.223432E-16 
2.270434E+07 	 3.410142E-16 
2.244435E+07 	 3.607619E-16 
2.218735E+07 	 3.816481E-16 
2.193329E+07 	 4.037381E-16 
2.168214E+07 	 4.271009E-16 
2.143386E+07 	 4.518094E-16 
2.118843E+07 	 4.779409E-16 
2.094581E+07 	 5.055767E-16 
2.070596E+07 	 5.348031E-16 
2.046887E+07 	 5.657109E-16 
2.023448E+07 	 5.983966E-16 
2.000278E+07 	 6.329616E-16 
1.977374E+07 	 6.695136E-16 
1.954732E+07 	 7.081660E-16 
1.932348E+07 	 7.490388E-16 
1.910222E+07 	 7.922589E-16 
1.888348E+07 	 8.379603E-16 
1.866725E+07 	 8.862847E-16 
1.845350E+07 	 9.373815E-16 
1.824220E+07 	 9.914090E-16 
1.803331E+07 	 1.048534E-15 
1.782682E+07 	 1.108934E-15 
1.762269E+07 	 1.172794E-15 
1.742089E+07 	 1.240312E-15 
1.722141E+07 	 1.311696E-15 
1.702422E+07 	 1.387166E-15 
1.682928E+07 	 1.466955E-15 
1.663657E+07 	 1.551307E-15 
1.644607E+07 	 1.640483E-15 
1.625775E+07 	 1.734756E-15 
1.607159E+07 	 1.834415E-15 
1.588756E+07 	 1.939767E-15 
1.570563E+07 	 2.051135E-15 
1.552579E+07 	 2.168858E-15 
1.534801E+07 	 2.293299E-15 
1.517227E+07 	 2.424838E-15 
1.499853E+07 	 2.563875E-15 
1.482679E+07 	 2.710837E-15 
1.465701E+07 	 2.866171E-15 
1.448918E+07 	 3.030352E-15 
1.432327E+07 	 3.203879E-15 
1.415926E+07 	 3.387280E-15 
1.399712E+07 	 3.581114E-15 
1.383685E+07 	 3.785968E-15 
1.367840E+07 	 4.002467E-15 
1.352178E+07 	 4.231266E-15 
1.336694E+07 	 4.473058E-15 
1.321388E+07 	 4.728577E-15 
1.306257E+07 	 4.998596E-15 
1.291300E+07 	 5.283930E-15 
1.276514E+07 	 5.585443E-15 
1.261897E+07 	 5.904044E-15 
1.247447E+07 	 6.240694E-15 
1.233163E+07 	 6.596407E-15 
1.219042E+07 	 6.972255E-15 
1.205083E+07 	 7.369367E-15 
1.191284E+07 	 7.788938E-15 
1.177643E+07 	 8.232227E-15 
1.164158E+07 	 8.700564E-15 
1.150828E+07 	 9.195353E-15 
1.137650E+07 	 9.718074E-15 
1.124623E+07 	 1.027029E-14 
1.111746E+07 	 1.085366E-14 
1.099015E+07 	 1.146991E-14 
1.086431E+07 	 1.212089E-14 
1.073990E+07 	 1.280854E-14 
1.061693E+07 	 1.353490E-14 
1.049535E+07 	 1.430214E-14 
1.037517E+07 	 1.511253E-14 
1.025637E+07 	 1.596849E-14 
1.013893E+07 	 1.687254E-14 
1.002283E+07 	 1.782738E-14 
9.908063E+06 	 1.883581E-14 
9.794609E+06 	 1.990083E-14 
9.682453E+06 	 2.102559E-14 
9.571583E+06 	 2.221340E-14 
9.461981E+06 	 2.346776E-14 
9.353635E+06 	 2.479236E-14 
9.246529E+06 	 2.619112E-14 
9.140650E+06 	 2.766812E-14 
9.035983E+06 	 2.922772E-14 
8.932515E+06 	 3.087448E-14 
8.830231E+06 	 3.261324E-14 
8.729119E+06 	 3.444907E-14 
8.629164E+06 	 3.638735E-14 
8.530354E+06 	 3.843373E-14 
8.432676E+06 	 4.059419E-14 
8.336116E+06 	 4.287503E-14 
8.240662E+06 	 4.528287E-14 
8.146300E+06 	 4.782473E-14 
8.053019E+06 	 5.050798E-14 
7.960807E+06 	 5.334042E-14 
7.869650E+06 	 5.633024E-14 
7.779537E+06 	 5.948612E-14 
7.690456E+06 	 6.281716E-14 
7.602395E+06 	 6.633300E-14 
7.515342E+06 	 7.004377E-14 
7.429286E+06 	 7.396018E-14 
7.344215E+06 	 7.809349E-14 
7.260119E+06 	 8.245559E-14 
7.176986E+06 	 8.705902E-14 
7.094804E+06 	 9.191697E-14 
7.013564E+06 	 9.704336E-14 
6.933253E+06 	 1.024529E-13 
6.853863E+06 	 1.081610E-13 
6.775381E+06 	 1.141840E-13 
6.697798E+06 	 1.205390E-13 
6.621104E+06 	 1.272442E-13 
6.545288E+06 	 1.343187E-13 
6.470339E+06 	 1.417825E-13 
6.396250E+06 	 1.496568E-13 
6.323008E+06 	 1.579640E-13 
6.250605E+06 	 1.667276E-13 
6.179031E+06 	 1.759723E-13 
6.108277E+06 	 1.857244E-13 
6.038333E+06 	 1.960112E-13 
5.969190E+06 	 2.068618E-13 
5.900838E+06 	 2.183068E-13 
5.833270E+06 	 2.303782E-13 
5.766475E+06 	 2.431101E-13 
5.700445E+06 	 2.565380E-13 
5.635170E+06 	 2.706997E-13 
5.570644E+06 	 2.856346E-13 
5.506856E+06 	 3.013847E-13 
5.443799E+06 	 3.179937E-13 
5.381463E+06 	 3.355079E-13 
5.319842E+06 	 3.539762E-13 
5.258926E+06 	 3.734498E-13 
5.198708E+06 	 3.939829E-13 
5.139179E+06 	 4.156323E-13 
5.080332E+06 	 4.384580E-13 
5.022158E+06 	 4.625231E-13 
4.964651E+06 	 4.878941E-13 
4.907802E+06 	 5.146410E-13 
4.851604E+06 	 5.428374E-13 
4.796050E+06 	 5.725610E-13 
4.741132E+06 	 6.038934E-13 
4.686843E+06 	 6.369207E-13 
4.633175E+06 	 6.717332E-13 
4.580122E+06 	 7.084264E-13 
4.527676E+06 	 7.471005E-13 
4.475831E+06 	 7.878611E-13 
4.424580E+06 	 8.308194E-13 
4.373915E+06 	 8.760922E-13 
4.323831E+06 	 9.238029E-13 
4.274320E+06 	 9.740808E-13 
4.225376E+06 	 1.027062E-12 
4.176993E+06 	 1.082891E-12 
4.129163E+06 	 1.141718E-12 
4.081881E+06 	 1.203703E-12 
4.035141E+06 	 1.269011E-12 
3.988936E+06 	 1.337820E-12 
3.943260E+06 	 1.410315E-12 
3.898107E+06 	 1.486690E-12 
3.853471E+06 	 1.567150E-12 
3.809346E+06 	 1.651911E-12 
3.765726E+06 	 1.741200E-12 
3.722606E+06 	 1.835256E-12 
3.679979E+06 	 1.934329E-12 
3.637841E+06 	 2.038684E-12 
3.596185E+06 	 2.148599E-12 
3.555006E+06 	 2.264366E-12 
3.514299E+06 	 2.386292E-12 
3.474058E+06 	 2.514701E-12 
3.434277E+06 	 2.649933E-12 
3.394952E+06 	 2.792345E-12 
3.356078E+06 	 2.942314E-12 
3.317648E+06 	 3.100235E-12 
3.279659E+06 	 3.266525E-12 
3.242105E+06 	 3.441620E-12 
3.204980E+06 	 3.625981E-12 
3.168281E+06 	 3.820092E-12 
3.132002E+06 	 4.024462E-12 
3.096138E+06 	 4.239624E-12 
3.060685E+06 	 4.466142E-12 
3.025638E+06 	 4.704607E-12 
2.990993E+06 	 4.955640E-12 
2.956744E+06 	 5.219895E-12 
2.922887E+06 	 5.498060E-12 
2.889418E+06 	 5.790855E-12 
2.856332E+06 	 6.099040E-12 
2.823625E+06 	 6.423414E-12 
2.791293E+06 	 6.764816E-12 
2.759330E+06 	 7.124126E-12 
2.727734E+06 	 7.502273E-12 
2.696500E+06 	 7.900229E-12 
2.665623E+06 	 8.319020E-12 
2.635100E+06 	 8.759720E-12 
2.604926E+06 	 9.223461E-12 
2.575098E+06 	 9.711431E-12 
2.545611E+06 	 1.022488E-11 
2.516462E+06 	 1.076512E-11 
2.487647E+06 	 1.133353E-11 
2.459161E+06 	 1.193155E-11 
2.431002E+06 	 1.256072E-11 
2.403166E+06 	 1.322263E-11 
2.375648E+06 	 1.391896E-11 
2.348445E+06 	 1.465148E-11 
2.321553E+06 	 1.542204E-11 
2.294970E+06 	 1.623260E-11 
2.268691E+06 	 1.708520E-11 
2.242713E+06 	 1.798199E-11 
2.217032E+06 	 1.892524E-11 
2.191646E+06 	 1.991731E-11 
2.166550E+06 	 2.096071E-11 
2.141741E+06 	 2.205804E-11 
2.117217E+06 	 2.321207E-11 
2.092973E+06 	 2.442569E-11 
2.069007E+06 	 2.570192E-11 
2.045316E+06 	 2.704396E-11 
2.021895E+06 	 2.845516E-11 
1.998743E+06 	 2.993904E-11 
1.975856E+06 	 3.149928E-11 
1.953231E+06 	 3.313977E-11 
1.930865E+06 	 3.486458E-11 
1.908756E+06 	 3.667799E-11 
1.886899E+06 	 3.858449E-11 
1.865293E+06 	 4.058880E-11 
1.843934E+06 	 4.269587E-11 
1.822820E+06 	 4.491091E-11 
1.801947E+06 	 4.723937E-11 
1.781313E+06 	 4.968698E-11 
1.760916E+06 	 5.225977E-11 
1.740752E+06 	 5.496406E-11 
1.720820E+06 	 5.780649E-11 
1.701115E+06 	 6.079401E-11 
1.681636E+06 	 6.393395E-11 
1.662380E+06 	 6.723398E-11 
1.643345E+06 	 7.070216E-11 
1.624527E+06 	 7.434696E-11 
1.605925E+06 	 7.817725E-11 
1.587536E+06 	 8.220237E-11 
1.569358E+06 	 8.643208E-11 
1.551388E+06 	 9.087668E-11 
1.533623E+06 	 9.554694E-11 
1.516062E+06 	 1.004542E-10 
1.498702E+06 	 1.056103E-10 
1.481541E+06 	 1.110277E-10 
1.464576E+06 	 1.167195E-10 
1.447806E+06 	 1.226995E-10 
1.431227E+06 	 1.289820E-10 
1.414839E+06 	 1.355822E-10 
1.398638E+06 	 1.425159E-10 
1.382623E+06 	 1.497999E-10 
1.366791E+06 	 1.574515E-10 
1.351140E+06 	 1.654892E-10 
1.335668E+06 	 1.739321E-10 
1.320374E+06 	 1.828006E-10 
1.305255E+06 	 1.921156E-10 
1.290309E+06 	 2.018996E-10 
1.275534E+06 	 2.121758E-10 
1.260928E+06 	 2.229688E-10 
1.246490E+06 	 2.343041E-10 
1.232216E+06 	 2.462088E-10 
1.218107E+06 	 2.587111E-10 
1.204158E+06 	 2.718407E-10 
1.190370E+06 	 2.856287E-10 
1.176739E+06 	 3.001078E-10 
1.163265E+06 	 3.153122E-10 
1.149945E+06 	 3.312779E-10 
1.136777E+06 	 3.480425E-10 
1.123760E+06 	 3.656456E-10 
1.110892E+06 	 3.841287E-10 
1.098172E+06 	 4.035353E-10 
1.085597E+06 	 4.239111E-10 
1.073166E+06 	 4.453039E-10 
1.060878E+06 	 4.677639E-10 
1.048730E+06 	 4.913439E-10 
1.036721E+06 	 5.160990E-10 
1.024850E+06 	 5.420874E-10 
1.013115E+06 	 5.693697E-10 
1.001514E+06 	 5.980097E-10 
9.900458E+05 	 6.280742E-10 
9.787091E+05 	 6.596336E-10 
9.675022E+05 	 6.927612E-10 
9.564236E+05 	 7.275342E-10 
9.454719E+05 	 7.640336E-10 
9.346456E+05 	 8.023442E-10 
9.239433E+05 	 8.425551E-10 
9.133635E+05 	 8.847594E-10 
9.029048E+05 	 9.290551E-10 
8.925659E+05 	 9.755449E-10 
8.823454E+05 	 1.024336E-09 
8.722419E+05 	 1.075542E-09 
8.622542E+05 	 1.129281E-09 
8.523808E+05 	 1.185677E-09 
8.426204E+05 	 1.244860E-09 
8.329718E+05 	 1.306966E-09 
8.234337E+05 	 1.372139E-09 
8.140048E+05 	 1.440529E-09 
8.046839E+05 	 1.512292E-09 
7.954697E+05 	 1.587595E-09 
7.863610E+05 	 1.666609E-09 
7.773566E+05 	 1.749517E-09 
7.684553E+05 	 1.836508E-09 
7.596560E+05 	 1.927781E-09 
7.509574E+05 	 2.023547E-09 
7.423584E+05 	 2.124023E-09 
7.338579E+05 	 2.229439E-09 
7.254547E+05 	 2.340037E-09 
7.171477E+05 	 2.456068E-09 
7.089359E+05 	 2.577798E-09 
7.008181E+05 	 2.705504E-09 
6.927932E+05 	 2.839477E-09 
6.848602E+05 	 2.980022E-09 
6.770181E+05 	 3.127459E-09 
6.692658E+05 	 3.282122E-09 
6.616022E+05 	 3.444364E-09 
6.540264E+05 	 3.614552E-09 
6.465374E+05 	 3.793073E-09 
6.391340E+05 	 3.980331E-09 
6.318155E+05 	 4.176751E-09 
6.245808E+05 	 4.382778E-09 
6.174289E+05 	 4.598877E-09 
6.103589E+05 	 4.825538E-09 
6.033699E+05 	 5.063272E-09 
5.964609E+05 	 5.312616E-09 
5.896310E+05 	 5.574134E-09 
5.828793E+05 	 5.848415E-09 
5.762049E+05 	 6.136078E-09 
5.696070E+05 	 6.437770E-09 
5.630846E+05 	 6.754171E-09 
5.566368E+05 	 7.085993E-09 
5.502630E+05 	 7.433982E-09 
5.439621E+05 	 7.798919E-09 
5.377333E+05 	 8.181626E-09 
5.315759E+05 	 8.582961E-09 
5.254890E+05 	 9.003824E-09 
5.194718E+05 	 9.445159E-09 
5.135234E+05 	 9.907955E-09 
5.076432E+05 	 1.039325E-08 
5.018304E+05 	 1.090213E-08 
4.960841E+05 	 1.143573E-08 
4.904036E+05 	 1.199524E-08 
4.847881E+05 	 1.258193E-08 
4.792369E+05 	 1.319709E-08 
4.737493E+05 	 1.384210E-08 
4.683246E+05 	 1.451840E-08 
4.629619E+05 	 1.522749E-08 
4.576607E+05 	 1.597097E-08 
4.524201E+05 	 1.675048E-08 
4.472396E+05 	 1.756776E-08 
4.421184E+05 	 1.842463E-08 
4.370558E+05 	 1.932300E-08 
4.320513E+05 	 2.026486E-08 
4.271040E+05 	 2.125230E-08 
4.222133E+05 	 2.228753E-08 
4.173787E+05 	 2.337283E-08 
4.125994E+05 	 2.451062E-08 
4.078749E+05 	 2.570343E-08 
4.032044E+05 	 2.695388E-08 
3.985874E+05 	 2.826477E-08 
3.940233E+05 	 2.963898E-08 
3.895115E+05 	 3.107957E-08 
3.850513E+05 	 3.258972E-08 
3.806422E+05 	 3.417277E-08 
3.762836E+05 	 3.583223E-08 
3.719749E+05 	 3.757175E-08 
3.677155E+05 	 3.939519E-08 
3.635049E+05 	 4.130657E-08 
3.593425E+05 	 4.331011E-08 
3.552278E+05 	 4.541023E-08 
3.511602E+05 	 4.761156E-08 
3.471391E+05 	 4.991896E-08 
3.431642E+05 	 5.233750E-08 
3.392347E+05 	 5.487253E-08 
3.353502E+05 	 5.752962E-08 
3.315102E+05 	 6.031462E-08 
3.277142E+05 	 6.323365E-08 
3.239616E+05 	 6.629315E-08 
3.202521E+05 	 6.949983E-08 
3.165849E+05 	 7.286074E-08 
3.129598E+05 	 7.638326E-08 
3.093762E+05 	 8.007514E-08 
3.058336E+05 	 8.394448E-08 
3.023316E+05 	 8.799977E-08 
2.988697E+05 	 9.224990E-08 
2.954475E+05 	 9.670420E-08 
2.920644E+05 	 1.013724E-07 
2.887200E+05 	 1.062648E-07 
2.854140E+05 	 1.113921E-07 
2.821458E+05 	 1.167655E-07 
2.789150E+05 	 1.223967E-07 
2.757213E+05 	 1.282982E-07 
2.725641E+05 	 1.344827E-07 
2.694430E+05 	 1.409639E-07 
2.663577E+05 	 1.477559E-07 
2.633077E+05 	 1.548735E-07 
2.602927E+05 	 1.623323E-07 
2.573121E+05 	 1.701487E-07 
2.543657E+05 	 1.783395E-07 
2.514531E+05 	 1.869229E-07 
2.485737E+05 	 1.959174E-07 
2.457274E+05 	 2.053426E-07 
2.429136E+05 	 2.152193E-07 
2.401321E+05 	 2.255688E-07 
2.373824E+05 	 2.364137E-07 
2.346642E+05 	 2.477778E-07 
2.319772E+05 	 2.596856E-07 
2.293209E+05 	 2.721632E-07 
2.266950E+05 	 2.852378E-07 
2.240992E+05 	 2.989377E-07 
2.215331E+05 	 3.132928E-07 
2.189964E+05 	 3.283343E-07 
2.164887E+05 	 3.440950E-07 
2.140098E+05 	 3.606091E-07 
2.115592E+05 	 3.779124E-07 
2.091367E+05 	 3.960427E-07 
2.067419E+05 	 4.150392E-07 
2.043746E+05 	 4.349433E-07 
2.020344E+05 	 4.557982E-07 
1.997209E+05 	 4.776491E-07 
1.974340E+05 	 5.005434E-07 
1.951732E+05 	 5.245309E-07 
1.929384E+05 	 5.496636E-07 
1.907291E+05 	 5.759960E-07 
1.885451E+05 	 6.035851E-07 
1.863861E+05 	 6.324908E-07 
1.842519E+05 	 6.627757E-07 
1.821421E+05 	 6.945055E-07 
1.800564E+05 	 7.277488E-07 
1.779946E+05 	 7.625778E-07 
1.759565E+05 	 7.990677E-07 
1.739416E+05 	 8.372976E-07 
1.719499E+05 	 8.773502E-07 
1.699809E+05 	 9.193122E-07 
1.680345E+05 	 9.632744E-07 
1.661104E+05 	 1.009332E-06 
1.642083E+05 	 1.057584E-06 
1.623280E+05 	 1.108136E-06 
1.604693E+05 	 1.161096E-06 
1.586318E+05 	 1.216578E-06 
1.568153E+05 	 1.274704E-06 
1.550197E+05 	 1.335598E-06 
1.532446E+05 	 1.399392E-06 
1.514899E+05 	 1.466223E-06 
1.497552E+05 	 1.536237E-06 
1.480404E+05 	 1.609583E-06 
1.463452E+05 	 1.686421E-06 
1.446695E+05 	 1.766916E-06 
1.430129E+05 	 1.851242E-06 
1.413753E+05 	 1.939581E-06 
1.397565E+05 	 2.032122E-06 
1.381561E+05 	 2.129067E-06 
1.365742E+05 	 2.230624E-06 
1.350103E+05 	 2.337011E-06 
1.334643E+05 	 2.448458E-06 
1.319361E+05 	 2.565205E-06 
1.304253E+05 	 2.687504E-06 
1.289318E+05 	 2.815618E-06 
1.274555E+05 	 2.949823E-06 
1.259960E+05 	 3.090408E-06 
1.245533E+05 	 3.237675E-06 
1.231271E+05 	 3.391942E-06 
1.217172E+05 	 3.553542E-06 
1.203234E+05 	 3.722820E-06 
1.189456E+05 	 3.900142E-06 
1.175836E+05 	 4.085890E-06 
1.162372E+05 	 4.280462E-06 
1.149062E+05 	 4.484277E-06 
1.135905E+05 	 4.697774E-06 
1.122898E+05 	 4.921412E-06 
1.110040E+05 	 5.155670E-06 
1.097329E+05 	 5.401054E-06 
1.084764E+05 	 5.658090E-06 
1.072343E+05 	 5.927330E-06 
1.060063E+05 	 6.209353E-06 
1.047925E+05 	 6.504765E-06 
1.035926E+05 	 6.814201E-06 
1.024063E+05 	 7.138324E-06 
1.012337E+05 	 7.477831E-06 
1.000745E+05 	 7.833452E-06 
9.892860E+04 	 8.205948E-06 
9.779580E+04 	 8.596121E-06 
9.667597E+04 	 9.004807E-06 
9.556896E+04 	 9.432884E-06 
9.447463E+04 	 9.881269E-06 
9.339283E+04 	 1.035093E-05 
9.232341E+04 	 1.084286E-05 
9.126625E+04 	 1.135813E-05 
9.022118E+04 	 1.189784E-05 
8.918809E+04 	 1.246314E-05 
8.816682E+04 	 1.305525E-05 
8.715725E+04 	 1.367544E-05 
8.615924E+04 	 1.432504E-05 
8.517266E+04 	 1.500544E-05 
8.419737E+04 	 1.571809E-05 
8.323325E+04 	 1.646453E-05 
8.228017E+04 	 1.724636E-05 
8.133801E+04 	 1.806524E-05 
8.040663E+04 	 1.892294E-05 
7.948592E+04 	 1.982130E-05 
7.857575E+04 	 2.076222E-05 
7.767600E+04 	 2.174774E-05 
7.678656E+04 	 2.277996E-05 
7.590730E+04 	 2.386109E-05 
7.503810E+04 	 2.499345E-05 
7.417886E+04 	 2.617945E-05 
7.332946E+04 	 2.742165E-05 
7.248979E+04 	 2.872269E-05 
7.165973E+04 	 3.008537E-05 
7.083918E+04 	 3.151260E-05 
7.002802E+04 	 3.300743E-05 
6.922615E+04 	 3.457306E-05 
6.843346E+04 	 3.621284E-05 
6.764985E+04 	 3.793028E-05 
6.687521E+04 	 3.972905E-05 
6.610944E+04 	 4.161300E-05 
6.535245E+04 	 4.358616E-05 
6.460411E+04 	 4.565275E-05 
6.386435E+04 	 4.781718E-05 
6.313306E+04 	 5.008409E-05 
6.241014E+04 	 5.245832E-05 
6.169550E+04 	 5.494495E-05 
6.098905E+04 	 5.754929E-05 
6.029068E+04 	 6.027692E-05 
5.960031E+04 	 6.313365E-05 
5.891784E+04 	 6.612559E-05 
5.824319E+04 	 6.925914E-05 
5.757627E+04 	 7.254100E-05 
5.691698E+04 	 7.597817E-05 
5.626524E+04 	 7.957800E-05 
5.562096E+04 	 8.334818E-05 
5.498406E+04 	 8.729676E-05 
5.435446E+04 	 9.143218E-05 
5.373206E+04 	 9.576326E-05 
5.311679E+04 	 1.002993E-04 
5.250857E+04 	 1.050499E-04 
5.190731E+04 	 1.100252E-04 
5.131293E+04 	 1.152360E-04 
5.072536E+04 	 1.206932E-04 
5.014452E+04 	 1.264086E-04 
4.957033E+04 	 1.323943E-04 
4.900272E+04 	 1.386632E-04 
4.844160E+04 	 1.452286E-04 
4.788691E+04 	 1.521045E-04 
4.733857E+04 	 1.593056E-04 
4.679651E+04 	 1.668472E-04 
4.626066E+04 	 1.747456E-04 
4.573094E+04 	 1.830174E-04 
4.520729E+04 	 1.916804E-04 
4.468964E+04 	 2.007531E-04 
4.417791E+04 	 2.102547E-04 
4.367204E+04 	 2.202057E-04 
4.317197E+04 	 2.306271E-04 
4.267762E+04 	 2.415412E-04 
4.218893E+04 	 2.529714E-04 
4.170584E+04 	 2.649420E-04 
4.122827E+04 	 2.774785E-04 
4.075618E+04 	 2.906076E-04 
4.028949E+04 	 3.043574E-04 
3.982815E+04 	 3.187572E-04 
3.937209E+04 	 3.338377E-04 
3.892125E+04 	 3.496310E-04 
3.847558E+04 	 3.661708E-04 
3.803501E+04 	 3.834923E-04 
3.759948E+04 	 4.016326E-04 
3.716894E+04 	 4.206302E-04 
3.674333E+04 	 4.405257E-04 
3.632259E+04 	 4.613615E-04 
3.590667E+04 	 4.831820E-04 
3.549551E+04 	 5.060336E-04 
3.508907E+04 	 5.299652E-04 
3.468727E+04 	 5.550276E-04 
3.429008E+04 	 5.812743E-04 
3.389743E+04 	 6.087613E-04 
3.350928E+04 	 6.375471E-04 
3.312558E+04 	 6.676930E-04 
3.274627E+04 	 6.992633E-04 
3.237130E+04 	 7.323252E-04 
3.200063E+04 	 7.669492E-04 
3.163420E+04 	 8.032090E-04 
3.127196E+04 	 8.411820E-04 
3.091388E+04 	 8.809488E-04 
3.055989E+04 	 9.225944E-04 
3.020996E+04 	 9.662074E-04 
2.986403E+04 	 1.011881E-03 
2.952207E+04 	 1.059711E-03 
2.918402E+04 	 1.109802E-03 
2.884984E+04 	 1.162258E-03 
2.851949E+04 	 1.217192E-03 
2.819292E+04 	 1.274721E-03 
2.787010E+04 	 1.334967E-03 
2.755096E+04 	 1.398059E-03 
2.723549E+04 	 1.464131E-03 
2.692362E+04 	 1.533323E-03 
2.661533E+04 	 1.605784E-03 
2.631056E+04 	 1.681666E-03 
2.600929E+04 	 1.761133E-03 
2.571146E+04 	 1.844352E-03 
2.541705E+04 	 1.931501E-03 
2.512601E+04 	 2.022766E-03 
2.483830E+04 	 2.118341E-03 
2.455388E+04 	 2.218430E-03 
2.427272E+04 	 2.323244E-03 
2.399478E+04 	 2.433008E-03 
2.372002E+04 	 2.547956E-03 
2.344841E+04 	 2.668331E-03 
2.317991E+04 	 2.794390E-03 
2.291449E+04 	 2.926401E-03 
2.265210E+04 	 3.064646E-03 
2.239272E+04 	 3.209418E-03 
2.213630E+04 	 3.361025E-03 
2.188283E+04 	 3.519791E-03 
2.163225E+04 	 3.686052E-03 
2.138455E+04 	 3.860163E-03 
2.113968E+04 	 4.042495E-03 
2.089762E+04 	 4.233434E-03 
2.065833E+04 	 4.433388E-03 
2.042177E+04 	 4.642782E-03 
2.018793E+04 	 4.862061E-03 
1.995676E+04 	 5.091692E-03 
1.972824E+04 	 5.332164E-03 
1.950234E+04 	 5.583987E-03 
1.927903E+04 	 5.847698E-03 
1.905827E+04 	 6.123858E-03 
1.884004E+04 	 6.413054E-03 
1.862431E+04 	 6.715901E-03 
1.841105E+04 	 7.033044E-03 
1.820023E+04 	 7.365156E-03 
1.799182E+04 	 7.712946E-03 
1.778580E+04 	 8.077151E-03 
1.758214E+04 	 8.458547E-03 
1.738081E+04 	 8.857946E-03 
1.718179E+04 	 9.276196E-03 
1.698505E+04 	 9.714186E-03 
1.679056E+04 	 1.017285E-02 
1.659829E+04 	 1.065316E-02 
1.640823E+04 	 1.115614E-02 
1.622035E+04 	 1.168286E-02 
1.603461E+04 	 1.223444E-02 
1.585100E+04 	 1.281205E-02 
1.566950E+04 	 1.341692E-02 
1.549007E+04 	 1.405034E-02 
1.531270E+04 	 1.471365E-02 
1.513736E+04 	 1.540827E-02 
1.496403E+04 	 1.613566E-02 
1.479268E+04 	 1.689738E-02 
1.462329E+04 	 1.769505E-02 
1.445584E+04 	 1.853037E-02 
1.429031E+04 	 1.940510E-02 
1.412668E+04 	 2.032111E-02 
1.396492E+04 	 2.128034E-02 
1.380501E+04 	 2.228485E-02 
1.364693E+04 	 2.333675E-02 
1.349067E+04 	 2.443829E-02 
1.333619E+04 	 2.559180E-02 
1.318348E+04 	 2.679975E-02 
1.303252E+04 	 2.806470E-02 
1.288329E+04 	 2.938934E-02 
1.273577E+04 	 3.077648E-02 
1.258993E+04 	 3.222907E-02 
1.244577E+04 	 3.375020E-02 
1.230326E+04 	 3.534311E-02 
1.216238E+04 	 3.701117E-02 
1.202311E+04 	 3.875794E-02 
1.188544E+04 	 4.058713E-02 
1.174934E+04 	 4.250262E-02 
1.161480E+04 	 4.450849E-02 
1.148180E+04 	 4.660899E-02 
1.135033E+04 	 4.880861E-02 
1.122036E+04 	 5.111200E-02 
1.109188E+04 	 5.352406E-02 
1.096487E+04 	 5.604993E-02 
1.083931E+04 	 5.869497E-02 
1.071520E+04 	 6.146480E-02 
1.059250E+04 	 6.436530E-02 
1.047121E+04 	 6.740264E-02 
1.035130E+04 	 7.058328E-02 
1.023277E+04 	 7.391398E-02 
1.011560E+04 	 7.740181E-02 
9.999772E+03 	 8.105418E-02 
9.885267E+03 	 8.487886E-02 
9.772074E+03 	 8.888397E-02 
9.660177E+03 	 9.307802E-02 
9.549561E+03 	 9.746993E-02 
9.440212E+03 	 1.020690E-01 
9.332115E+03 	 1.068851E-01 
9.225256E+03 	 1.119283E-01 
9.119620E+03 	 1.172095E-01 
9.015194E+03 	 1.227398E-01 
8.911964E+03 	 1.285310E-01 
8.809916E+03 	 1.345954E-01 
8.709036E+03 	 1.409458E-01 
8.609311E+03 	 1.475958E-01 
8.510729E+03 	 1.545595E-01 
8.413275E+03 	 1.618517E-01 
8.316937E+03 	 1.694879E-01 
8.221702E+03 	 1.774842E-01 
8.127558E+03 	 1.858578E-01 
8.034492E+03 	 1.946264E-01 
7.942491E+03 	 2.038085E-01 
7.851544E+03 	 2.134238E-01 
7.761638E+03 	 2.234927E-01 
7.672762E+03 	 2.340364E-01 
7.584904E+03 	 2.450776E-01 
7.498051E+03 	 2.566395E-01 
7.412193E+03 	 2.687468E-01 
7.327319E+03 	 2.814251E-01 
7.243416E+03 	 2.947015E-01 
7.160473E+03 	 3.086041E-01 
7.078481E+03 	 3.231624E-01 
6.997427E+03 	 3.384074E-01 
6.917302E+03 	 3.543715E-01 
6.838094E+03 	 3.710885E-01 
6.759793E+03 	 3.885941E-01 
6.682389E+03 	 4.069253E-01 
6.605871E+03 	 4.261211E-01 
6.530229E+03 	 4.462222E-01 
6.455453E+03 	 4.672715E-01 
6.381534E+03 	 4.893136E-01 
6.308461E+03 	 5.123952E-01 
6.236224E+03 	 5.365655E-01 
6.164815E+03 	 5.618758E-01 
6.094224E+03 	 5.883799E-01 
6.024441E+03 	 6.161339E-01 
5.955457E+03 	 6.451970E-01 
5.887262E+03 	 6.756308E-01 
5.819849E+03 	 7.074999E-01 
5.753208E+03 	 7.408721E-01 
5.687330E+03 	 7.758182E-01 
5.622206E+03 	 8.124125E-01 
5.557827E+03 	 8.507327E-01 
5.494186E+03 	 8.908601E-01 
5.431274E+03 	 9.328800E-01 
5.369082E+03 	 9.768817E-01 
5.307602E+03 	 1.022959E+00 
5.246827E+03 	 1.071208E+00 
5.186747E+03 	 1.121734E+00 
5.127355E+03 	 1.174642E+00 
5.068643E+03 	 1.230046E+00 
5.010604E+03 	 1.288062E+00 
4.953229E+03 	 1.348814E+00 
4.896511E+03 	 1.412432E+00 
4.840442E+03 	 1.479050E+00 
4.785016E+03 	 1.548809E+00 
4.730224E+03 	 1.621859E+00 
4.676060E+03 	 1.698353E+00 
4.622516E+03 	 1.778455E+00 
4.569585E+03 	 1.862334E+00 
4.517260E+03 	 1.950169E+00 
4.465534E+03 	 2.042146E+00 
4.414400E+03 	 2.138461E+00 
4.363852E+03 	 2.239318E+00 
4.313883E+03 	 2.344931E+00 
4.264486E+03 	 2.455524E+00 
4.215655E+03 	 2.571333E+00 
4.167383E+03 	 2.692604E+00 
4.119663E+03 	 2.819593E+00 
4.072490E+03 	 2.952571E+00 
4.025857E+03 	 3.091819E+00 
3.979758E+03 	 3.237635E+00 
3.934187E+03 	 3.390326E+00 
3.889138E+03 	 3.550218E+00 
3.844605E+03 	 3.717650E+00 
3.800581E+03 	 3.892978E+00 
3.757062E+03 	 4.076574E+00 
3.714041E+03 	 4.268827E+00 
3.671513E+03 	 4.470146E+00 
3.629471E+03 	 4.680959E+00 
3.587911E+03 	 4.901713E+00 
3.546827E+03 	 5.132877E+00 
3.506214E+03 	 5.374942E+00 
3.466065E+03 	 5.628421E+00 
3.426376E+03 	 5.893853E+00 
3.387142E+03 	 6.171802E+00 
3.348357E+03 	 6.462858E+00 
3.310016E+03 	 6.767639E+00 
3.272114E+03 	 7.086791E+00 
3.234646E+03 	 7.420994E+00 
3.197607E+03 	 7.770955E+00 
3.160992E+03 	 8.137419E+00 
3.124796E+03 	 8.521164E+00 
3.089015E+03 	 8.923003E+00 
3.053644E+03 	 9.343792E+00 
3.018677E+03 	 9.784422E+00 
2.984111E+03 	 1.024583E+01 
2.949941E+03 	 1.072900E+01 
2.916162E+03 	 1.123494E+01 
2.882770E+03 	 1.176475E+01 
2.849760E+03 	 1.231954E+01 
2.817129E+03 	 1.290049E+01 
2.784871E+03 	 1.350883E+01 
2.752982E+03 	 1.414586E+01 
2.721458E+03 	 1.481292E+01 
2.690296E+03 	 1.551145E+01 
2.659490E+03 	 1.624290E+01 
2.629037E+03 	 1.700885E+01 
2.598933E+03 	 1.781092E+01 
2.569173E+03 	 1.865080E+01 
2.539754E+03 	 1.953029E+01 
2.510672E+03 	 2.045125E+01 
2.481923E+03 	 2.141564E+01 
2.453504E+03 	 2.242549E+01 
2.425409E+03 	 2.348297E+01 
2.397637E+03 	 2.459031E+01 
2.370182E+03 	 2.574986E+01 
2.343042E+03 	 2.696408E+01 
2.316212E+03 	 2.823556E+01 
2.289690E+03 	 2.956700E+01 
2.263471E+03 	 3.096121E+01 
2.237553E+03 	 3.242116E+01 
2.211932E+03 	 3.394995E+01 
2.186603E+03 	 3.555083E+01 
2.161565E+03 	 3.722719E+01 
2.136814E+03 	 3.898259E+01 
2.112346E+03 	 4.082077E+01 
2.088158E+03 	 4.274561E+01 
2.064247E+03 	 4.476122E+01 
2.040610E+03 	 4.687186E+01 
2.017244E+03 	 4.908202E+01 
1.994145E+03 	 5.139640E+01 
1.971310E+03 	 5.381990E+01 
1.948737E+03 	 5.635767E+01 
1.926423E+03 	 5.901510E+01 
1.904364E+03 	 6.179783E+01 
1.882558E+03 	 6.471176E+01 
1.861001E+03 	 6.776309E+01 
1.839692E+03 	 7.095829E+01 
1.818626E+03 	 7.430415E+01 
1.797801E+03 	 7.780777E+01 
1.777215E+03 	 8.147658E+01 
1.756865E+03 	 8.531838E+01 
1.736747E+03 	 8.934132E+01 
1.716860E+03 	 9.355395E+01 
1.697201E+03 	 9.796520E+01 
1.677767E+03 	 1.025844E+02 
1.658555E+03 	 1.074215E+02 
1.639564E+03 	 1.124866E+02 
1.620790E+03 	 1.177905E+02 
1.602231E+03 	 1.233445E+02 
1.583884E+03 	 1.291604E+02 
1.565747E+03 	 1.352505E+02 
1.547818E+03 	 1.416277E+02 
1.530095E+03 	 1.483056E+02 
1.512574E+03 	 1.552984E+02 
1.495254E+03 	 1.626209E+02 
1.478132E+03 	 1.702886E+02 
1.461207E+03 	 1.783179E+02 
1.444475E+03 	 1.867257E+02 
1.427935E+03 	 1.955300E+02 
1.411584E+03 	 2.047494E+02 
1.395420E+03 	 2.144035E+02 
1.379442E+03 	 2.245127E+02 
1.363646E+03 	 2.350986E+02 
1.348031E+03 	 2.461836E+02 
1.332595E+03 	 2.577913E+02 
1.317336E+03 	 2.699462E+02 
1.302252E+03 	 2.826742E+02 
1.287340E+03 	 2.960024E+02 
1.272599E+03 	 3.099589E+02 
1.258027E+03 	 3.245735E+02 
1.243622E+03 	 3.398772E+02 
1.229381E+03 	 3.559024E+02 
1.215304E+03 	 3.726831E+02 
1.201388E+03 	 3.902551E+02 
1.187631E+03 	 4.086555E+02 
1.174032E+03 	 4.279235E+02 
1.160589E+03 	 4.480999E+02 
1.147299E+03 	 4.692277E+02 
1.134162E+03 	 4.913515E+02 
1.121175E+03 	 5.145185E+02 
1.108337E+03 	 5.387778E+02 
1.095645E+03 	 5.641808E+02 
1.083099E+03 	 5.907815E+02 
1.070697E+03 	 6.186365E+02 
1.058437E+03 	 6.478047E+02 
1.046317E+03 	 6.783481E+02 
1.034336E+03 	 7.103317E+02 
1.022492E+03 	 7.438231E+02 
1.010784E+03 	 7.788937E+02 
9.992097E+02 	 8.156177E+02 
9.877680E+02 	 8.540732E+02 
9.764574E+02 	 8.943418E+02 
9.652763E+02 	 9.365089E+02 
9.542232E+02 	 9.806642E+02 
9.432967E+02 	 1.026901E+03 
9.324953E+02 	 1.075318E+03 
9.218175E+02 	 1.126018E+03 
9.112621E+02 	 1.179108E+03 
9.008275E+02 	 1.234702E+03 
8.905124E+02 	 1.292916E+03 
8.803154E+02 	 1.353875E+03 
8.702352E+02 	 1.417708E+03 
8.602704E+02 	 1.484551E+03 
8.504197E+02 	 1.554545E+03 
8.406818E+02 	 1.627839E+03 
8.310554E+02 	 1.704588E+03 
8.215392E+02 	 1.784957E+03 
8.121320E+02 	 1.869114E+03 
8.028325E+02 	 1.957239E+03 
7.936395E+02 	 2.049520E+03 
7.845518E+02 	 2.146150E+03 
7.755681E+02 	 2.247337E+03 
7.666873E+02 	 2.353295E+03 
7.579082E+02 	 2.464248E+03 
7.492297E+02 	 2.580432E+03 
7.406505E+02 	 2.702094E+03 
7.321695E+02 	 2.829491E+03 
7.237856E+02 	 2.962896E+03 
7.154978E+02 	 3.102590E+03 
7.073048E+02 	 3.248870E+03 
6.992057E+02 	 3.402046E+03 
6.911993E+02 	 3.562445E+03 
6.832846E+02 	 3.730406E+03 
6.754605E+02 	 3.906285E+03 
6.677260E+02 	 4.090457E+03 
6.600801E+02 	 4.283312E+03 
6.525217E+02 	 4.485259E+03 
6.450499E+02 	 4.696728E+03 
6.376636E+02 	 4.918167E+03 
6.303619E+02 	 5.150045E+03 
6.231438E+02 	 5.392856E+03 
6.160084E+02 	 5.647115E+03 
6.089546E+02 	 5.913361E+03 
6.019817E+02 	 6.192160E+03 
5.950886E+02 	 6.484104E+03 
5.882744E+02 	 6.789811E+03 
5.815382E+02 	 7.109932E+03 
5.748792E+02 	 7.445145E+03 
5.682965E+02 	 7.796162E+03 
5.617891E+02 	 8.163728E+03 
5.553562E+02 	 8.548624E+03 
5.489970E+02 	 8.951667E+03 
5.427106E+02 	 9.373711E+03 
5.364962E+02 	 9.815654E+03 
5.303529E+02 	 1.027843E+04 
5.242800E+02 	 1.076303E+04 
5.182766E+02 	 1.127047E+04 
5.123420E+02 	 1.180184E+04 
5.064753E+02 	 1.235826E+04 
5.006758E+02 	 1.294091E+04 
4.949427E+02 	 1.355104E+04 
4.892753E+02 	 1.418992E+04 
4.836727E+02 	 1.485893E+04 
4.781343E+02 	 1.555948E+04 
4.726594E+02 	 1.629306E+04 
4.672471E+02 	 1.706123E+04 
4.618968E+02 	 1.786561E+04 
4.566077E+02 	 1.870791E+04 
4.513793E+02 	 1.958992E+04 
4.462107E+02 	 2.051352E+04 
4.411012E+02 	 2.148067E+04 
4.360503E+02 	 2.249341E+04 
4.310572E+02 	 2.355389E+04 
4.261213E+02 	 2.466438E+04 
4.212419E+02 	 2.582722E+04 
4.164184E+02 	 2.704488E+04 
4.116501E+02 	 2.831995E+04 
4.069365E+02 	 2.965513E+04 
4.022767E+02 	 3.105327E+04 
3.976704E+02 	 3.251732E+04 
3.931168E+02 	 3.405039E+04 
3.886153E+02 	 3.565574E+04 
3.841654E+02 	 3.733678E+04 
3.797664E+02 	 3.909707E+04 
3.754179E+02 	 4.094036E+04 
3.711191E+02 	 4.287054E+04 
3.668695E+02 	 4.489173E+04 
3.626686E+02 	 4.700821E+04 
3.585158E+02 	 4.922447E+04 
3.544105E+02 	 5.154521E+04 
3.503523E+02 	 5.397537E+04 
3.463405E+02 	 5.652011E+04 
3.423746E+02 	 5.918481E+04 
3.384542E+02 	 6.197515E+04 
3.345787E+02 	 6.489704E+04 
3.307475E+02 	 6.795668E+04 
3.269602E+02 	 7.116058E+04 
3.232163E+02 	 7.451552E+04 
3.195152E+02 	 7.802863E+04 
3.158566E+02 	 8.170738E+04 
3.122398E+02 	 8.555956E+04 
3.086644E+02 	 8.959335E+04 
3.051300E+02 	 9.381732E+04 
3.016361E+02 	 9.824043E+04 
2.981821E+02 	 1.028721E+05 
2.947677E+02 	 1.077221E+05 
2.913924E+02 	 1.128007E+05 
2.880558E+02 	 1.181188E+05 
2.847573E+02 	 1.236877E+05 
2.814967E+02 	 1.295190E+05 
2.782733E+02 	 1.356253E+05 
2.750869E+02 	 1.420195E+05 
2.719370E+02 	 1.487151E+05 
2.688231E+02 	 1.557264E+05 
2.657449E+02 	 1.630683E+05 
2.627019E+02 	 1.707563E+05 
2.596938E+02 	 1.788067E+05 
2.567201E+02 	 1.872367E+05 
2.537805E+02 	 1.960641E+05 
2.508745E+02 	 2.053077E+05 
2.480018E+02 	 2.149871E+05 
2.451620E+02 	 2.251228E+05 
2.423548E+02 	 2.357364E+05 
2.395796E+02 	 2.468504E+05 
2.368363E+02 	 2.584883E+05 
2.341243E+02 	 2.706749E+05 
2.314435E+02 	 2.834361E+05 
2.287933E+02 	 2.967989E+05 
2.261734E+02 	 3.107917E+05 
2.235836E+02 	 3.254441E+05 
2.210234E+02 	 3.407874E+05 
2.184925E+02 	 3.568541E+05 
2.159906E+02 	 3.736782E+05 
2.135174E+02 	 3.912955E+05 
2.110725E+02 	 4.097433E+05 
2.086555E+02 	 4.290609E+05 
2.062663E+02 	 4.492893E+05 
2.039044E+02 	 4.704713E+05 
2.015695E+02 	 4.926519E+05 
1.992614E+02 	 5.158782E+05 
1.969797E+02 	 5.401996E+05 
1.947242E+02 	 5.656676E+05 
1.924945E+02 	 5.923363E+05 
1.902903E+02 	 6.202623E+05 
1.881113E+02 	 6.495049E+05 
1.859573E+02 	 6.801261E+05 
1.838280E+02 	 7.121910E+05 
1.817230E+02 	 7.457676E+05 
1.796421E+02 	 7.809272E+05 
1.775851E+02 	 8.177444E+05 
1.755516E+02 	 8.562973E+05 
1.735415E+02 	 8.966678E+05 
1.715543E+02 	 9.389416E+05 
1.695899E+02 	 9.832084E+05 
1.676479E+02 	 1.029562E+06 
1.657283E+02 	 1.078101E+06 
1.638305E+02 	 1.128929E+06 
1.619546E+02 	 1.182153E+06 
1.601001E+02 	 1.237886E+06 
1.582668E+02 	 1.296246E+06 
1.564546E+02 	 1.357358E+06 
1.546630E+02 	 1.421352E+06 
1.528920E+02 	 1.488362E+06 
1.511413E+02 	 1.558531E+06 
1.494106E+02 	 1.632008E+06 
1.476998E+02 	 1.708950E+06 
1.460085E+02 	 1.789519E+06 
1.443366E+02 	 1.873887E+06 
1.426839E+02 	 1.962232E+06 
1.410500E+02 	 2.054742E+06 
1.394349E+02 	 2.151613E+06 
1.378383E+02 	 2.253051E+06 
1.362599E+02 	 2.359272E+06 
1.346997E+02 	 2.470501E+06 
1.331573E+02 	 2.586973E+06 
1.316325E+02 	 2.708937E+06 
1.301252E+02 	 2.836650E+06 
1.286352E+02 	 2.970385E+06 
1.271623E+02 	 3.110425E+06 
1.257062E+02 	 3.257066E+06 
1.242667E+02 	 3.410621E+06 
1.228438E+02 	 3.571416E+06 
1.214371E+02 	 3.739791E+06 
1.200466E+02 	 3.916104E+06 
1.186720E+02 	 4.100730E+06 
1.173131E+02 	 4.294060E+06 
1.159698E+02 	 4.496504E+06 
1.146419E+02 	 4.708493E+06 
1.133291E+02 	 4.930476E+06 
1.120314E+02 	 5.162924E+06 
1.107486E+02 	 5.406331E+06 
1.094804E+02 	 5.661213E+06 
1.082268E+02 	 5.928112E+06 
1.069875E+02 	 6.207594E+06 
1.057625E+02 	 6.500252E+06 
1.045514E+02 	 6.806707E+06 
1.033542E+02 	 7.127611E+06 
1.021707E+02 	 7.463643E+06 
1.010008E+02 	 7.815517E+06 
9.984428E+01 	 8.183981E+06 
9.870099E+01 	 8.569816E+06 
9.757080E+01 	 8.973841E+06 
9.645355E+01 	 9.396914E+06 
9.534908E+01 	 9.839933E+06 
9.425727E+01 	 1.030384E+07 
9.317796E+01 	 1.078961E+07 
9.211101E+01 	 1.129829E+07 
9.105627E+01 	 1.183095E+07 
9.001361E+01 	 1.238872E+07 
8.898289E+01 	 1.297279E+07 
8.796398E+01 	 1.358439E+07 
8.695673E+01 	 1.422483E+07 
8.596101E+01 	 1.489546E+07 
8.497670E+01 	 1.559771E+07 
8.400366E+01 	 1.633306E+07 
8.304176E+01 	 1.710308E+07 
8.209087E+01 	 1.790941E+07 
8.115087E+01 	 1.875375E+07 
8.022164E+01 	 1.963790E+07 
7.930304E+01 	 2.056373E+07 
7.839497E+01 	 2.153321E+07 
7.749729E+01 	 2.254839E+07 
7.660989E+01 	 2.361143E+07 
7.573266E+01 	 2.472460E+07 
7.486546E+01 	 2.589024E+07 
7.400820E+01 	 2.711083E+07 
7.316076E+01 	 2.838897E+07 
7.232301E+01 	 2.972737E+07 
7.149486E+01 	 3.112887E+07 
7.067620E+01 	 3.259644E+07 
6.986691E+01 	 3.413320E+07 
6.906688E+01 	 3.574241E+07 
6.827602E+01 	 3.742749E+07 
6.749421E+01 	 3.919201E+07 
6.672135E+01 	 4.103971E+07 
6.595735E+01 	 4.297453E+07 
6.520209E+01 	 4.500056E+07 
6.445548E+01 	 4.712211E+07 
6.371742E+01 	 4.934369E+07 
6.298781E+01 	 5.166999E+07 
6.226656E+01 	 5.410597E+07 
6.155356E+01 	 5.665680E+07 
6.084873E+01 	 5.932788E+07 
6.015197E+01 	 6.212489E+07 
5.946319E+01 	 6.505377E+07 
5.878229E+01 	 6.812073E+07 
5.810919E+01 	 7.133227E+07 
5.744380E+01 	 7.469523E+07 
5.678603E+01 	 7.821674E+07 
5.613579E+01 	 8.190426E+07 
5.549300E+01 	 8.576563E+07 
5.485756E+01 	 8.980905E+07 
5.422940E+01 	 9.404309E+07 
5.360844E+01 	 9.847675E+07 
5.299459E+01 	 1.031194E+08 
5.238776E+01 	 1.079810E+08 
5.178788E+01 	 1.130717E+08 
5.119488E+01 	 1.184025E+08 
5.060866E+01 	 1.239846E+08 
5.002915E+01 	 1.298298E+08 
4.945629E+01 	 1.359506E+08 
4.888998E+01 	 1.423600E+08 
4.833015E+01 	 1.490716E+08 
4.777674E+01 	 1.560995E+08 
4.722966E+01 	 1.634588E+08 
4.668885E+01 	 1.711651E+08 
4.615423E+01 	 1.792347E+08 
4.562573E+01 	 1.876847E+08 
4.510328E+01 	 1.965330E+08 
4.458682E+01 	 2.057986E+08 
4.407627E+01 	 2.155009E+08 
4.357156E+01 	 2.256607E+08 
4.307264E+01 	 2.362994E+08 
4.257943E+01 	 2.474397E+08 
4.209186E+01 	 2.591053E+08 
4.160988E+01 	 2.713207E+08 
4.113342E+01 	 2.841121E+08 
4.066241E+01 	 2.975066E+08 
4.019680E+01 	 3.115325E+08 
3.973652E+01 	 3.262196E+08 
3.928151E+01 	 3.415992E+08 
3.883171E+01 	 3.577039E+08 
3.838706E+01 	 3.745678E+08 
3.794750E+01 	 3.922267E+08 
3.751297E+01 	 4.107182E+08 
3.708342E+01 	 4.300815E+08 
3.665879E+01 	 4.503576E+08 
3.623902E+01 	 4.715897E+08 
3.582406E+01 	 4.938227E+08 
3.541385E+01 	 5.171039E+08 
3.500834E+01 	 5.414827E+08 
3.460747E+01 	 5.670108E+08 
3.421119E+01 	 5.937425E+08 
3.381945E+01 	 6.217344E+08 
3.343219E+01 	 6.510459E+08 
3.304937E+01 	 6.817394E+08 
3.267093E+01 	 7.138799E+08 
3.229682E+01 	 7.475357E+08 
3.192700E+01 	 7.827781E+08 
3.156142E+01 	 8.196821E+08 
3.120002E+01 	 8.583259E+08 
3.084275E+01 	 8.987915E+08 
3.048958E+01 	 9.411649E+08 
3.014046E+01 	 9.855360E+08 
2.979533E+01 	 1.031999E+09 
2.945415E+01 	 1.080652E+09 
2.911688E+01 	 1.131599E+09 
2.878347E+01 	 1.184949E+09 
2.845388E+01 	 1.240813E+09 
2.812806E+01 	 1.299311E+09 
2.780598E+01 	 1.360566E+09 
2.748758E+01 	 1.424710E+09 
2.717283E+01 	 1.491878E+09 
2.686168E+01 	 1.562212E+09 
2.655409E+01 	 1.635862E+09 
2.625003E+01 	 1.712985E+09 
2.594945E+01 	 1.793743E+09 
2.565231E+01 	 1.878309E+09 
2.535857E+01 	 1.966861E+09 
2.506820E+01 	 2.059589E+09 
2.478115E+01 	 2.156688E+09 
2.449739E+01 	 2.258364E+09 
2.421688E+01 	 2.364834E+09 
2.393958E+01 	 2.476324E+09 
2.366545E+01 	 2.593070E+09 
2.339447E+01 	 2.715320E+09 
2.312658E+01 	 2.843333E+09 
2.286177E+01 	 2.977381E+09 
2.259998E+01 	 3.117750E+09 
2.234120E+01 	 3.264735E+09 
2.208538E+01 	 3.418651E+09 
2.183248E+01 	 3.579822E+09 
2.158249E+01 	 3.748592E+09 
2.133535E+01 	 3.925319E+09 
2.109105E+01 	 4.110377E+09 
2.084954E+01 	 4.304160E+09 
2.061080E+01 	 4.507079E+09 
2.037479E+01 	 4.719564E+09 
2.014148E+01 	 4.942067E+09 
1.991085E+01 	 5.175060E+09 
1.968286E+01 	 5.419037E+09 
1.945747E+01 	 5.674516E+09 
1.923467E+01 	 5.942040E+09 
1.901442E+01 	 6.222177E+09 
1.879669E+01 	 6.515520E+09 
1.858146E+01 	 6.822693E+09 
1.836869E+01 	 7.144347E+09 
1.815835E+01 	 7.481166E+09 
1.795043E+01 	 7.833864E+09 
1.774488E+01 	 8.203190E+09 
1.754169E+01 	 8.589927E+09 
1.734083E+01 	 8.994897E+09 
1.714226E+01 	 9.418960E+09 
1.694597E+01 	 9.863015E+09 
1.675193E+01 	 1.032800E+10 
1.656011E+01 	 1.081492E+10 
1.637048E+01 	 1.132478E+10 
1.618303E+01 	 1.185869E+10 
1.599772E+01 	 1.241776E+10 
1.581454E+01 	 1.300320E+10 
1.563345E+01 	 1.361623E+10 
1.545443E+01 	 1.425816E+10 
1.527747E+01 	 1.493036E+10 
1.510253E+01 	 1.563425E+10 
1.492960E+01 	 1.637132E+10 
1.475864E+01 	 1.714314E+10 
1.458965E+01 	 1.795135E+10 
1.442258E+01 	 1.879767E+10 
1.425744E+01 	 1.968388E+10 
1.409418E+01 	 2.061187E+10 
1.393279E+01 	 2.158361E+10 
1.377325E+01 	 2.260117E+10 
1.361554E+01 	 2.366669E+10 
1.345963E+01 	 2.478245E+10 
1.330551E+01 	 2.595082E+10 
1.315315E+01 	 2.717426E+10 
1.300254E+01 	 2.845539E+10 
1.285365E+01 	 2.979691E+10 
1.270647E+01 	 3.120168E+10 
1.256097E+01 	 3.267267E+10 
1.241714E+01 	 3.421302E+10 
1.227495E+01 	 3.582598E+10 
1.213439E+01 	 3.751499E+10 
1.199545E+01 	 3.928363E+10 
1.185809E+01 	 4.113564E+10 
1.172231E+01 	 4.307497E+10 
1.158808E+01 	 4.510573E+10 
1.145539E+01 	 4.723223E+10 
1.132421E+01 	 4.945898E+10 
1.119454E+01 	 5.179072E+10 
1.106636E+01 	 5.423238E+10 
1.093964E+01 	 5.678915E+10 
1.081437E+01 	 5.946646E+10 
1.069054E+01 	 6.226999E+10 
1.056813E+01 	 6.520569E+10 
1.044712E+01 	 6.827980E+10 
1.032749E+01 	 7.149884E+10 
1.020923E+01 	 7.486963E+10 
1.009233E+01 	 7.839934E+10 
9.976765E+00 	 8.209546E+10 
9.862524E+00 	 8.596583E+10 
9.749591E+00 	 9.001867E+10 
9.637952E+00 	 9.426257E+10 
9.527591E+00 	 9.870656E+10 
9.418493E+00 	 1.033601E+11 
9.310645E+00 	 1.082329E+11 
9.204031E+00 	 1.133356E+11 
9.098639E+00 	 1.186787E+11 
8.994453E+00 	 1.242738E+11 
8.891460E+00 	 1.301327E+11 
8.789647E+00 	 1.362677E+11 
8.688999E+00 	 1.426921E+11 
8.589504E+00 	 1.494192E+11 
8.491148E+00 	 1.564636E+11 
8.393918E+00 	 1.638400E+11 
8.297802E+00 	 1.715642E+11 
8.202787E+00 	 1.796525E+11 
8.108859E+00 	 1.881222E+11 
8.016007E+00 	 1.969912E+11 
7.924218E+00 	 2.062783E+11 
7.833480E+00 	 2.160032E+11 
7.743781E+00 	 2.261866E+11 
7.655109E+00 	 2.368502E+11 
7.567453E+00 	 2.480164E+11 
7.480800E+00 	 2.597091E+11 
7.395140E+00 	 2.719530E+11 
7.310461E+00 	 2.847741E+11 
7.226751E+00 	 2.981997E+11 
7.143999E+00 	 3.122583E+11 
7.062195E+00 	 3.269796E+11 
6.981328E+00 	 3.423950E+11 
6.901387E+00 	 3.585371E+11 
6.822362E+00 	 3.754403E+11 
6.744241E+00 	 3.931403E+11 
6.667014E+00 	 4.116748E+11 
6.590673E+00 	 4.310831E+11 
6.515205E+00 	 4.514064E+11 
6.440601E+00 	 4.726878E+11 
6.366852E+00 	 4.949726E+11 
6.293947E+00 	 5.183079E+11 
6.221877E+00 	 5.427434E+11 
6.150632E+00 	 5.683309E+11 
6.080203E+00 	 5.951247E+11 
6.010580E+00 	 6.231817E+11 
5.941755E+00 	 6.525615E+11 
5.873718E+00 	 6.833263E+11 
5.806459E+00 	 7.155416E+11 
5.739971E+00 	 7.492756E+11 
5.674245E+00 	 7.846000E+11 
5.609271E+00 	 8.215897E+11 
5.545041E+00 	 8.603234E+11 
5.481546E+00 	 9.008831E+11 
5.418778E+00 	 9.433550E+11 
5.356730E+00 	 9.878292E+11 
5.295391E+00 	 1.034400E+12 
5.234755E+00 	 1.083167E+12 
5.174814E+00 	 1.134232E+12 
5.115558E+00 	 1.187705E+12 
5.056982E+00 	 1.243699E+12 
4.999076E+00 	 1.302333E+12 
4.941833E+00 	 1.363731E+12 
4.885245E+00 	 1.428024E+12 
4.829306E+00 	 1.495348E+12 
4.774007E+00 	 1.565846E+12 
4.719341E+00 	 1.639667E+12 
4.665301E+00 	 1.716969E+12 
4.611881E+00 	 1.797915E+12 
4.559071E+00 	 1.882677E+12 
4.506867E+00 	 1.971435E+12 
4.455260E+00 	 2.064378E+12 
4.404244E+00 	 2.161703E+12 
4.353812E+00 	 2.263616E+12 
4.303958E+00 	 2.370333E+12 
4.254675E+00 	 2.482082E+12 
4.205956E+00 	 2.599099E+12 
4.157795E+00 	 2.721633E+12 
4.110185E+00 	 2.849943E+12 
4.063121E+00 	 2.984303E+12 
4.016595E+00 	 3.124997E+12 
3.970602E+00 	 3.272325E+12 
3.925136E+00 	 3.426597E+12 
3.880190E+00 	 3.588143E+12 
3.835760E+00 	 3.757305E+12 
3.791837E+00 	 3.934443E+12 
3.748418E+00 	 4.119931E+12 
3.705496E+00 	 4.314164E+12 
3.663066E+00 	 4.517554E+12 
3.621121E+00 	 4.730533E+12 
3.579657E+00 	 4.953552E+12 
3.538667E+00 	 5.187086E+12 
3.498147E+00 	 5.431630E+12 
3.458091E+00 	 5.687703E+12 
3.418493E+00 	 5.955848E+12 
3.379349E+00 	 6.236635E+12 
3.340653E+00 	 6.530659E+12 
3.302400E+00 	 6.838545E+12 
3.264585E+00 	 7.160947E+12 
3.227204E+00 	 7.498548E+12 
3.190250E+00 	 7.852065E+12 
3.153719E+00 	 8.222248E+12 
3.117607E+00 	 8.609884E+12 
3.081908E+00 	 9.015794E+12 
3.046618E+00 	 9.440841E+12 
3.011732E+00 	 9.885927E+12 
2.977246E+00 	 1.035200E+13 
2.943154E+00 	 1.084004E+13 
2.909453E+00 	 1.135109E+13 
2.876138E+00 	 1.188623E+13 
2.843204E+00 	 1.244661E+13 
2.810647E+00 	 1.303340E+13 
2.778463E+00 	 1.364785E+13 
2.746648E+00 	 1.429128E+13 
2.715197E+00 	 1.496504E+13 
2.684106E+00 	 1.567056E+13 
2.653371E+00 	 1.640934E+13 
2.622988E+00 	 1.718296E+13 
2.592953E+00 	 1.799304E+13 
2.563262E+00 	 1.884132E+13 
2.533911E+00 	 1.972959E+13 
2.504896E+00 	 2.065974E+13 
2.476213E+00 	 2.163373E+13 
2.447859E+00 	 2.265365E+13 
2.419829E+00 	 2.372165E+13 
2.392120E+00 	 2.484000E+13 
2.364729E+00 	 2.601107E+13 
2.337651E+00 	 2.723736E+13 
2.310883E+00 	 2.852146E+13 
2.284422E+00 	 2.986609E+13 
2.258264E+00 	 3.127412E+13 
2.232405E+00 	 3.274853E+13 
2.206843E+00 	 3.429245E+13 
2.181573E+00 	 3.590916E+13 
2.156592E+00 	 3.760209E+13 
2.131898E+00 	 3.937483E+13 
2.107486E+00 	 4.123114E+13 
2.083354E+00 	 4.317497E+13 
2.059498E+00 	 4.521045E+13 
2.035915E+00 	 4.734188E+13 
2.012603E+00 	 4.957380E+13 
1.989557E+00 	 5.191094E+13 
1.966775E+00 	 5.435827E+13 
1.944254E+00 	 5.692098E+13 
